1633.29    37193.1
1632.29    37240.6
1631.29    36993
1630.29    37585.9
1629.29    36690.7
1628.29    37113.3
1627.29    36988.4
1626.29    37106
1625.29    36751.3
1624.28    37138.6
1623.28    36826.5
1622.28    37038.8
1621.28    36904.1
1620.28    37303.5
1619.28    36782
1618.28    36976.7
1617.27    36789.7
1616.27    37298.6
1615.27    37460.6
1614.27    37328.5
1613.26    37208.8
1612.26    37106.6
1611.26    37196.4
1610.25    37435.5
1609.25    37512.6
1608.24    37619.6
1607.24    37305.9
1606.24    37442.7
1605.23    37920.4
1604.23    37897.9
1603.22    37432.6
1602.22    37671.2
1601.21    37852.6
1600.2    37601.4
1599.2    37807.5
1598.19    38140.4
1597.19    37499.1
1596.18    37794.6
1595.17    37633
1594.17    37794.3
1593.16    37248
1592.15    37990
1591.14    37677.1
1590.14    37381.7
1589.13    37515.6
1588.12    37587.3
1587.11    37497.9
1586.1    37153.2
1585.09    37239.9
1584.09    37331.5
1583.08    37499.8
1582.07    37308.9
1581.06    37137.9
1580.05    36989.3
1579.04    36900.1
1578.03    37397.5
1577.02    37263.8
1576.01    36684.8
1575    36989
1573.99    36880.1
1572.97    36961.6
1571.96    36343.6
1570.95    36835.4
1569.94    36993.5
1568.93    36879.7
1567.91    37210.6
1566.9    36938.8
1565.89    36558.5
1564.88    36832.5
1563.86    36723.8
1562.85    36916.2
1561.84    36812.5
1560.82    36580.6
1559.81    36970.2
1558.8    37098.2
1557.78    37147.4
1556.77    36930.3
1555.75    36898.2
1554.74    37013.8
1553.72    37003.8
1552.71    37267.1
1551.69    36557.9
1550.68    36646.5
1549.66    37219.7
1548.64    36944
1547.63    37472.7
1546.61    37059.2
1545.59    37206.6
1544.58    37181.8
1543.56    36658
1542.54    37090.4
1541.52    37183.6
1540.51    36856.6
1539.49    37018.5
1538.47    37249.1
1537.45    37477.2
1536.43    37128.4
1535.42    37187
1534.4    36997.9
1533.38    37431.8
1532.36    37264.7
1531.34    37428.7
1530.32    37394.1
1529.3    37908.4
1528.28    37413
1527.26    37155.5
1526.24    37676.9
1525.22    37461
1524.19    37414.2
1523.17    37722.2
1522.15    38037.5
1521.13    37537.9
1520.11    37743
1519.09    37647.2
1518.06    37573.5
1517.04    37864
1516.02    37804.9
1514.99    37716.5
1513.97    38121.6
1512.95    38453.3
1511.92    38218.2
1510.9    38037
1509.88    38427.1
1508.85    38116.5
1507.83    38355.1
1506.8    38274
1505.78    38663.7
1504.75    39004.5
1503.73    39179.3
1502.7    39261.4
1501.68    39063.2
1500.65    39208.6
1499.62    39385.7
1498.6    39265.5
1497.57    39866.2
1496.54    39828.7
1495.52    39917.8
1494.49    40150.5
1493.46    40548.6
1492.43    40596.1
1491.41    40614.5
1490.38    40260.8
1489.35    40799.4
1488.32    40842
1487.29    41317.1
1486.26    41060.8
1485.23    41897.6
1484.21    41206.4
1483.18    41732.1
1482.15    42014.7
1481.12    41792.4
1480.09    42337
1479.05    42238.5
1478.02    42406.8
1476.99    42703.5
1475.96    42876.5
1474.93    43034.8
1473.9    42950.7
1472.87    42912.7
1471.84    43206.6
1470.8    43187.9
1469.77    42936.8
1468.74    43254.7
1467.71    43267.5
1466.67    43176.2
1465.64    43159.9
1464.61    43429.1
1463.57    43715.1
1462.54    43725.3
1461.5    43612.2
1460.47    43322.8
1459.44    43468.4
1458.4    43618.8
1457.37    43645.9
1456.33    43330.1
1455.3    43357.2
1454.26    43401.3
1453.22    43384.9
1452.19    43720.9
1451.15    43791.4
1450.11    43449.4
1449.08    43715.2
1448.04    43363.7
1447    43446.2
1445.97    43950.4
1444.93    43719.5
1443.89    43476.7
1442.85    43932.4
1441.82    43788.3
1440.78    44282.3
1439.74    43914.4
1438.7    43924.4
1437.66    43489.3
1436.62    43477.8
1435.58    43711.6
1434.54    43894.7
1433.5    43880.7
1432.46    43830.6
1431.42    43658
1430.38    43586.4
1429.34    43584.4
1428.3    43498.4
1427.26    44154.2
1426.22    43945.7
1425.17    43941.3
1424.13    43651.3
1423.09    44052.3
1422.05    43328.3
1421    43798.7
1419.96    43743.9
1418.92    43777.8
1417.88    43945.9
1416.83    43675.5
1415.79    43805.2
1414.74    43831.9
1413.7    43621.5
1412.66    43942.6
1411.61    43918.9
1410.57    43601
1409.52    43759.2
1408.48    43575.4
1407.43    44199.8
1406.38    43726.7
1405.34    43817.8
1404.29    43808.5
1403.25    44100.3
1402.2    43887.9
1401.15    43814.1
1400.11    43876.4
1399.06    43370.6
1398.01    43304.1
1396.96    43640.9
1395.92    43166.4
1394.87    43536.5
1393.82    43222
1392.77    42874.3
1391.72    42672.1
1390.67    42725
1389.62    42563.4
1388.57    42537.7
1387.52    42850.1
1386.47    42450.5
1385.42    42543.8
1384.37    42701.4
1383.32    42535.2
1382.27    42316.8
1381.22    42519.5
1380.17    42046.7
1379.12    42491.8
1378.07    42218.9
1377.01    42069.7
1375.96    42265
1374.91    42149.1
1373.86    41886
1372.8    42126.3
1371.75    42183.8
1370.7    42300.6
1369.64    41938
1368.59    41879.2
1367.54    41943.7
1366.48    42081.8
1365.43    42056.2
1364.37    42454.9
1363.32    42384.2
1362.26    42074.2
1361.21    42093.6
1360.15    42214.8
1359.1    41957.1
1358.04    42123.3
1356.99    42218.4
1355.93    41852
1354.87    42377.8
1353.81    42314.2
1352.76    42236.6
1351.7    42258.2
1350.64    42052.9
1349.59    42540.2
1348.53    41930.9
1347.47    42366
1346.41    42236.4
1345.35    42312.3
1344.29    42588.9
1343.23    42237.5
1342.17    42879.7
1341.11    42601.5
1340.05    42313.9
1338.99    42007.7
1337.93    42215.5
1336.87    42371.4
1335.81    42418.8
1334.75    42350.8
1333.69    41943.5
1332.63    42455
1331.57    42184.4
1330.51    41977.5
1329.44    42142.6
1328.38    42048.8
1327.32    41879.7
1326.26    41680.1
1325.19    41856.9
1324.13    41680.9
1323.07    41512
1322    41496
1320.94    41534
1319.87    41374.6
1318.81    41492.5
1317.74    41406
1316.68    41385.3
1315.61    41158
1314.55    41219.5
1313.48    40943.1
1312.42    40692.6
1311.35    40983.9
1310.28    40728.8
1309.22    40605.1
1308.15    40694.7
1307.08    40376.6
1306.02    40428.7
1304.95    40167
1303.88    40596.1
1302.81    40542.8
1301.75    40550.3
1300.68    39942.5
1299.61    40015.6
1298.54    39817.5
1297.47    39771.4
1296.4    39566.3
1295.33    39543.6
1294.26    39121.4
1293.19    39147.9
1292.12    39337.9
1291.05    38960.3
1289.98    38856.1
1288.91    38660.8
1287.84    38250.9
1286.77    38235.6
1285.69    37975.3
1284.62    37927.3
1283.55    37772.1
1282.48    37665.9
1281.41    37834.8
1280.33    37679.7
1279.26    37806.6
1278.19    37588.6
1277.11    37061.1
1276.04    37518.6
1274.97    37144.9
1273.89    37062.3
1272.82    36954.1
1271.74    36678.5
1270.67    36535.5
1269.59    36513.6
1268.52    36224.3
1267.44    36750.8
1266.36    36208.3
1265.29    35977.3
1264.21    36169.2
1263.14    35736.3
1262.06    35909.5
1260.98    36324
1259.9    35469
1258.83    35477.4
1257.75    35258.5
1256.67    35345.8
1255.59    35217.5
1254.51    35100.7
1253.43    34919.2
1252.36    34482.8
1251.28    35010.3
1250.2    34771
1249.12    34967
1248.04    34693.1
1246.96    34423.9
1245.88    34862.9
1244.8    34862.1
1243.72    34551.4
1242.63    34594.6
1241.55    34256.4
1240.47    34158.6
1239.39    34391.4
1238.31    34446.1
1237.22    34493.9
1236.14    34250.7
1235.06    34014.6
1233.98    34013.9
1232.89    34027.1
1231.81    34045
1230.73    33991.3
1229.64    33963
1228.56    33812.5
1227.47    33878.7
1226.39    33654.5
1225.3    33803.7
1224.22    33404.6
1223.13    33710.4
1222.05    33555.5
1220.96    33485.9
1219.87    33473.8
1218.79    33346.7
1217.7    33056.3
1216.61    33476.7
1215.53    33117.4
1214.44    33222.7
1213.35    33222.1
1212.26    33067.7
1211.18    33301.5
1210.09    33245.8
1209    32916.9
1207.91    33056.5
1206.82    32980.2
1205.73    32883.3
1204.64    33041.2
1203.55    32802.1
1202.46    32631.9
1201.37    32684.2
1200.28    33130.8
1199.19    32811.7
1198.1    32841
1197.01    33136
1195.92    32906.4
1194.82    32722.7
1193.73    32582.6
1192.64    33060.5
1191.55    32632
1190.45    32681.9
1189.36    32772.9
1188.27    33039.9
1187.17    32643.8
1186.08    32737
1184.99    32882.8
1183.89    32886.8
1182.8    33192.3
1181.7    32940.5
1180.61    32876
1179.51    32973.6
1178.42    32877.2
1177.32    32801.3
1176.22    32549.8
1175.13    32996.3
1174.03    32934.1
1172.94    32764.8
1171.84    33026.4
1170.74    32946
1169.64    32587.7
1168.55    32446
1167.45    32288.4
1166.35    32388.1
1165.25    32492.3
1164.15    32368.9
1163.05    32302.4
1161.95    32342.8
1160.85    32110.4
1159.76    31969
1158.66    31879.9
1157.55    31984.1
1156.45    31917.7
1155.35    32019.5
1154.25    31991.8
1153.15    31528.2
1152.05    31691.3
1150.95    31656.9
1149.85    31765.4
1148.74    31776.3
1147.64    31635.3
1146.54    31791.3
1145.44    31571
1144.33    31765.5
1143.23    31892
1142.13    31778.2
1141.02    31893.3
1139.92    31591.7
1138.81    31758.8
1137.71    31801.3
1136.6    32355.2
1135.5    32187.2
1134.39    32082.6
1133.29    32314.9
1132.18    32174.2
1131.07    31988.3
1129.97    32075.9
1128.86    31754.6
1127.75    31650.2
1126.65    31563.9
1125.54    31498
1124.43    31486.3
1123.32    31373
1122.21    31517
1121.11    31403.8
1120    31306.4
1118.89    31585.5
1117.78    31201.9
1116.67    31562
1115.56    31442.1
1114.45    31196.2
1113.34    31247.6
1112.23    31298.9
1111.12    31059.9
1110.01    31424
1108.9    31236.9
1107.78    31052
1106.67    30950.4
1105.56    31303
1104.45    31248.6
1103.33    31488.5
1102.22    31258.9
1101.11    31020.4
1100    31260.2
1098.88    31176.7
1097.77    31077.5
1096.65    30960.4
1095.54    30641.4
1094.42    30881
1093.31    30858.2
1092.19    30965.4
1091.08    30826
1089.96    30971.3
1088.85    30838.7
1087.73    30656.8
1086.61    30974.4
1085.5    30808.3
1084.38    31009.3
1083.26    31317.6
1082.15    30961.4
1081.03    31066.1
1079.91    31215.4
1078.79    31308.7
1077.67    31542.9
1076.55    31535.6
1075.44    31756.1
1074.32    31625.9
1073.2    31511.4
1072.08    32176
1070.96    32081.5
1069.84    32252.5
1068.72    32193.7
1067.59    32230.9
1066.47    32720.6
1065.35    32652.8
1064.23    32487
1063.11    32991.9
1061.99    32857.2
1060.86    32778.3
1059.74    33033.4
1058.62    33054.7
1057.49    32628.5
1056.37    32734.4
1055.25    32533.2
1054.12    32294.3
1053    32660.3
1051.87    32572.7
1050.75    32373.9
1049.62    32121.9
1048.5    31867.8
1047.37    31807.1
1046.25    32150.5
1045.12    31667.9
1044    31636.1
1042.87    31779.5
1041.74    31377.2
1040.61    31261.2
1039.49    31256.1
1038.36    31115.7
1037.23    31004.3
1036.1    31063.5
1034.97    30770.4
1033.85    30867.3
1032.72    30601
1031.59    30731
1030.46    30637.5
1029.33    30291.8
1028.2    30455
1027.07    30312.9
1025.94    30330.1
1024.81    30300.8
1023.67    30070.5
1022.54    29749.7
1021.41    30206.5
1020.28    29790.9
1019.15    29940.6
1018.01    29911.5
1016.88    29820.5
1015.75    29665.7
1014.62    29769
1013.48    29795
1012.35    29560.9
1011.21    29847.1
1010.08    29959
1008.95    29692
1007.81    29676.1
1006.68    29871.7
1005.54    29842.6
1004.4    29593.4
1003.27    29667.9
1002.13    29493.6
1001    29297.5
999.858    29521.4
998.721    29279.2
997.584    29560.2
996.446    29234.5
995.308    29363.8
994.17    29312.9
993.032    29567.3
991.893    29154.1
990.754    29443.5
989.615    29166.6
988.476    29196.9
987.336    29242.6
986.196    29251
985.055    29298.9
983.915    29546.2
982.774    29541.3
981.633    29672.3
980.491    29242.5
979.35    29439.2
978.208    29972.9
977.066    29587.1
975.923    29669.8
974.78    29478.9
973.637    29342.9
972.494    29617.9
971.35    29499.4
970.206    29636.6
969.062    29633.9
967.918    29932.6
966.773    29986.6
965.628    30110.4
964.483    29930.8
963.338    30155
962.192    30032.1
961.046    30151.4
959.899    30190
958.753    29936.4
957.606    30107.9
956.459    30305.6
955.311    30023.8
954.164    29916.4
953.016    30166.2
951.867    29904.2
950.719    29966.7
949.57    30042.2
948.421    29880.5
947.272    30121.2
946.122    30003.1
944.972    30211.1
943.822    29901.7
942.672    30044.5
941.521    30450
940.37    30019.1
939.218    30400.6
938.067    30521.3
936.915    30487.9
935.763    30606.4
934.611    30536.1
933.458    30238.2
932.305    30076.9
931.152    30305.9
929.998    30240.1
928.844    30031.3
927.69    29523.6
926.536    29785
925.381    29580.8
924.226    29337.7
923.071    29456.1
921.916    29468.4
920.76    29351
919.604    29028.1
918.448    29384.3
917.291    29295.1
916.134    29482.5
914.977    29095.1
913.82    28908.7
912.662    29219.1
911.504    29171
910.346    28874.7
909.187    28779.2
908.028    29022.5
906.869    28724.3
905.71    28708.7
904.55    28507.7
903.39    28772.3
902.23    28918.3
901.069    28652.7
899.908    28869.7
898.747    28808.9
897.586    28866.4
896.424    28893.8
895.262    28955.6
894.1    28877.6
892.937    28554.4
891.775    28966.7
890.612    28850
889.448    29087.9
888.285    28975.5
887.121    28953.4
885.956    29292.1
884.792    29169
883.627    29395.8
882.462    29212.6
881.297    29216.2
880.131    29262.7
878.965    28963.9
877.799    28907.5
876.632    29033.3
875.466    28724
874.298    28684.9
873.131    28577.2
871.963    28497.4
870.796    28391.9
869.627    28584
868.459    28309.5
867.29    28424.5
866.121    28383.3
864.952    28382.7
863.782    28463.3
862.612    28479.8
861.442    28660.8
860.271    28485
859.1    28454.5
857.929    28208.4
856.758    28131.1
855.586    28437.8
854.414    28554.5
853.242    28417.4
852.069    28246.2
850.897    28471.5
849.723    28189.6
848.55    28602.4
847.376    28450.4
846.202    28426.4
845.028    28564.1
843.853    28580.5
842.679    28430.8
841.503    28562.1
840.328    28648.6
839.152    28579.8
837.976    28866.1
836.8    28933.3
835.623    28662.7
834.446    28936
833.269    28935.2
832.092    29346.3
830.914    29215.9
829.736    29737
828.557    29337.1
827.379    29843.1
826.2    29929
825.021    29987.3
823.841    29986.2
822.661    30214
821.481    30441.6
820.301    30417.1
819.12    30722.9
817.939    30548
816.758    30436.7
815.576    30378.3
814.394    30326.3
813.212    30295.5
812.029    30332.3
810.847    30003.5
809.664    29892.5
808.48    29775.1
807.297    29406.5
806.113    29169
804.928    29239.8
803.744    28941.3
802.559    29180.9
801.374    28732.7
800.188    28909
799.003    28878.6
797.817    28591
796.63    28678.7
795.444    28612.5
794.257    28870.7
793.069    28406.6
791.882    28365.7
790.694    28575.4
789.506    28681.9
788.318    28626.3
787.129    28621.2
785.94    28765.4
784.75    29126
783.561    28669
782.371    28983.2
781.181    28849.9
779.99    28599.1
778.799    29074.7
777.608    29017
776.417    28961.5
775.225    29113.6
774.033    28433
772.841    29101
771.648    28573.8
770.455    28904
769.262    28261.9
768.069    28587.8
766.875    28754.4
765.681    28761.8
764.486    28658.2
763.292    28471
762.097    28495.2
760.901    28588.4
759.706    28535.2
758.51    28688.9
757.313    28769.4
756.117    28958.6
754.92    28961.7
753.723    28588.9
752.525    28686
751.328    28958.4
750.13    29038.7
748.931    28985.5
747.733    29295.1
746.534    29033.3
745.334    29492.9
744.135    29610.4
742.935    29632.1
741.735    29801.6
740.534    29675.3
739.333    29873.9
738.132    29962
736.931    30576.6
735.729    30288
734.527    30981.2
733.325    30555.3
732.122    30664
730.919    31086.3
729.716    31319.4
728.512    31421.5
727.309    31704.2
726.104    32198.6
724.9    32470.6
723.695    32404.2
722.49    32769.3
721.285    33111.4
720.079    33494.9
718.873    33635.5
717.667    33948.2
716.46    33978.8
715.253    34108.9
714.046    34657.3
712.838    34696
711.63    34925.1
710.422    35150
709.214    34942.4
708.005    34919
706.796    35193.3
705.586    35436.4
704.377    35576.1
703.167    35879
701.956    35774.7
700.746    35893.6
699.535    36006.1
698.323    36112.5
697.112    36045.4
695.9    36384.8
694.688    36536.3
693.475    36291.8
692.262    36408.2
691.049    36085.6
689.836    36117.5
688.622    36223.5
687.408    35788
686.193    35206.4
684.979    35005.9
683.764    34918.7
682.548    34284.4
681.333    34051.4
680.117    33937.7
678.9    33236.3
677.684    33040.7
676.467    32419.9
675.25    32210.3
674.032    31427.9
672.814    31048.2
671.596    30367
670.377    30246.3
669.159    29984.1
667.939    29658.5
666.72    29650.8
665.5    29038.5
664.28    28758.4
663.06    28705.9
661.839    28561.2
660.618    28717.6
659.397    28521.8
658.175    28379.4
656.953    28525.4
655.731    28213.3
654.508    28363.4
653.285    28554.3
652.062    28487.6
650.838    28212.5
649.615    28307.3
648.39    28248.9
647.166    28341.6
645.941    28489.3
644.716    28186
643.49    28466.3
642.265    28116.2
641.038    28412.7
639.812    28327.8
638.585    28395.8
637.358    28062.4
636.131    27873.8
634.903    28227
633.675    28211.4
632.447    28191.9
631.218    28115.3
629.989    28577.8
628.759    27950.1
627.53    28237.6
626.3    28022.9
625.07    27976.9
623.839    28445
622.608    28230.3
621.377    28570.1
620.145    28335.3
618.913    28618.1
617.681    28570
616.448    28414.4
615.216    29005.1
613.982    29226.6
612.749    29316.2
611.515    29381.4
610.281    29566.1
609.046    29700.1
607.811    29785.4
606.576    29767.5
605.341    29539.1
604.105    29551.5
602.869    29470.9
601.632    29525.8
600.396    29338.1
599.158    29300.1
597.921    29355
596.683    29363.4
595.445    29381.9
594.207    29238.9
592.968    29513.7
591.729    29568.5
590.49    29005.9
589.25    29397.6
588.01    29416
586.769    29448.5
585.529    29884
584.288    29640.4
583.046    29425.1
581.805    29618.7
580.563    29735.6
579.32    29812.3
578.077    29412.1
576.834    29818.6
575.591    29889.1
574.347    29551.5
573.103    29843.1
571.859    29795
570.614    29975.9
569.369    29845.4
568.124    29941.9
566.878    30096.5
565.632    29761.4
564.386    29909.9
563.139    30010.3
561.892    29801.8
560.645    29771.8
559.397    29753.9
558.15    29707.9
556.901    29894.2
555.653    29744.1
554.404    29818.2
553.154    29602.2
551.905    29402.2
550.655    29530.4
549.404    29368.5
548.154    29290.7
546.903    29460.7
545.651    29498.8
544.4    29397.1
543.148    29105.6
541.895    29421.3
540.643    29678.8
539.39    29313.7
538.136    29118.4
536.883    29312
535.629    29308.1
534.374    29168.7
533.12    29045.3
531.865    29093.3
530.609    28962
529.354    29089.6
528.098    29107.7
526.841    29074
525.585    29667
524.327    29237.4
523.07    28776.2
521.812    29102.4
520.554    28983.3
519.296    29166.2
518.037    29019.3
516.778    29146.5
515.519    29218.1
514.259    29071.3
512.999    29299.6
511.738    29164.7
510.478    29412.7
509.217    29117.3
507.955    29254.1
506.693    29331.4
505.431    29428.5
504.169    29493.8
502.906    29394.8
