1633.29    69187.2
1632.29    68884.5
1631.29    69025.8
1630.29    68904.5
1629.29    70008.4
1628.29    69566.9
1627.29    69620.5
1626.29    70116.3
1625.29    70542
1624.28    70907.5
1623.28    70426.3
1622.28    70769.3
1621.28    71504
1620.28    71339.9
1619.28    72184.1
1618.28    72471.5
1617.27    73010.7
1616.27    72714.2
1615.27    73796.7
1614.27    73968.9
1613.26    74582.1
1612.26    74639.4
1611.26    75753
1610.25    77199.9
1609.25    78083.5
1608.24    78956.6
1607.24    79822
1606.24    81667.6
1605.23    83656.9
1604.23    86516
1603.22    90232.2
1602.22    95130.6
1601.21    101467
1600.2    108511
1599.2    119542
1598.19    131390
1597.19    144861
1596.18    158926
1595.17    173397
1594.17    186412
1593.16    197646
1592.15    206469
1591.14    210869
1590.14    214456
1589.13    213885
1588.12    209802
1587.11    204967
1586.1    197266
1585.09    188435
1584.09    179846
1583.08    170262
1582.07    159213
1581.06    150102
1580.05    141406
1579.04    131788
1578.03    124389
1577.02    116451
1576.01    109987
1575    104568
1573.99    100314
1572.97    95650.2
1571.96    91606.6
1570.95    88973.4
1569.94    85884.1
1568.93    84194.2
1567.91    81447.9
1566.9    79828.8
1565.89    79067
1564.88    77167.6
1563.86    76673.2
1562.85    75828.5
1561.84    75004
1560.82    74458.5
1559.81    74206.6
1558.8    73193.1
1557.78    72998.2
1556.77    73072.1
1555.75    72537.3
1554.74    72025
1553.72    71953.7
1552.71    70907.3
1551.69    71579.7
1550.68    71161.4
1549.66    70913.1
1548.64    71393.2
1547.63    70719.4
1546.61    70309
1545.59    70663.5
1544.58    70580.2
1543.56    70047.2
1542.54    70295.8
1541.52    69664.8
1540.51    69444.2
1539.49    69894.2
1538.47    69425.7
1537.45    68952.4
1536.43    69235.3
1535.42    68995.3
1534.4    68662.3
1533.38    68609
1532.36    68168.2
1531.34    68014.5
1530.32    67961.4
1529.3    67462.2
1528.28    67862.4
1527.26    67934.3
1526.24    68157.9
1525.22    67896.6
1524.19    67437.1
1523.17    66823.5
1522.15    67578.2
1521.13    67429.8
1520.11    67504
1519.09    67208.8
1518.06    67488.5
1517.04    67486.8
1516.02    67140.5
1514.99    67043.6
1513.97    67520.9
1512.95    67038
1511.92    67131.6
1510.9    66566
1509.88    66247.1
1508.85    66938.8
1507.83    66856.7
1506.8    66677
1505.78    66331.5
1504.75    66754.4
1503.73    66711.3
1502.7    67328.9
1501.68    66810.5
1500.65    67001.4
1499.62    67031.4
1498.6    67365.9
1497.57    68309
1496.54    68533.4
1495.52    69529.5
1494.49    70057.8
1493.46    71595.6
1492.43    72901.7
1491.41    74584.3
1490.38    75330
1489.35    76051
1488.32    77058.5
1487.29    77691.4
1486.26    77821.1
1485.23    76495.6
1484.21    76501.6
1483.18    75813.2
1482.15    74571.5
1481.12    73830.3
1480.09    72642.9
1479.05    71075.1
1478.02    70451.5
1476.99    69833
1475.96    68807.5
1474.93    68095
1473.9    67676.1
1472.87    67165.3
1471.84    66834
1470.8    66418
1469.77    66518
1468.74    66860
1467.71    66391
1466.67    66483.7
1465.64    66198.8
1464.61    66180.2
1463.57    65980.2
1462.54    66631.4
1461.5    66506.3
1460.47    65951
1459.44    66290
1458.4    66573.3
1457.37    66216.4
1456.33    66383.7
1455.3    66138
1454.26    65837
1453.22    66062.1
1452.19    66258.2
1451.15    66179.2
1450.11    66486.2
1449.08    66424
1448.04    65797.7
1447    66398.6
1445.97    66647.4
1444.93    66655.1
1443.89    66144.9
1442.85    67031.8
1441.82    66189.4
1440.78    66606.4
1439.74    66505.8
1438.7    66980.3
1437.66    66473.1
1436.62    66771.8
1435.58    66933.3
1434.54    66957.7
1433.5    66943.7
1432.46    67407.9
1431.42    67360
1430.38    67194.5
1429.34    67154
1428.3    67269.5
1427.26    67322.6
1426.22    67738
1425.17    67985.4
1424.13    67786.3
1423.09    68235
1422.05    68635.5
1421    68453.2
1419.96    68294.9
1418.92    68060
1417.88    68800.4
1416.83    69229.1
1415.79    69013.3
1414.74    68867
1413.7    69154.1
1412.66    69747.5
1411.61    70031.9
1410.57    70581.8
1409.52    70409
1408.48    70920.3
1407.43    71283.1
1406.38    72420.3
1405.34    72866.3
1404.29    73429.2
1403.25    74479.2
1402.2    75108.4
1401.15    76069.2
1400.11    76616.6
1399.06    77378.6
1398.01    78264.3
1396.96    78619.9
1395.92    79481.2
1394.87    79543
1393.82    80410.8
1392.77    80977.8
1391.72    81692.4
1390.67    81529.7
1389.62    82153.2
1388.57    82693.2
1387.52    83030.4
1386.47    82596.1
1385.42    83283.1
1384.37    82975
1383.32    82676.6
1382.27    82996.8
1381.22    82336.9
1380.17    82930.5
1379.12    82213.8
1378.07    82505.2
1377.01    81644
1375.96    81548.1
1374.91    81378.7
1373.86    81242.5
1372.8    81645.5
1371.75    80666.5
1370.7    80841.5
1369.64    79519.1
1368.59    80406
1367.54    78925.3
1366.48    78766.1
1365.43    78535.9
1364.37    78758.5
1363.32    77878.9
1362.26    77189.3
1361.21    76322.3
1360.15    75178.6
1359.1    75238.2
1358.04    74107
1356.99    74032
1355.93    72447.2
1354.87    72389
1353.81    71507.7
1352.76    70733.3
1351.7    70578.6
1350.64    69788
1349.59    69428
1348.53    68326.1
1347.47    68545.3
1346.41    68032.2
1345.35    67245.4
1344.29    66732.8
1343.23    66614.6
1342.17    66010.3
1341.11    65453.4
1340.05    64991.1
1338.99    65519.5
1337.93    64663.7
1336.87    64117
1335.81    64011.2
1334.75    64183.6
1333.69    63927.1
1332.63    63713.1
1331.57    63263.7
1330.51    63177
1329.44    63139.8
1328.38    63076.7
1327.32    62940.8
1326.26    62689.6
1325.19    62791.2
1324.13    62648.3
1323.07    62721.7
1322    62506
1320.94    62436.1
1319.87    62699.7
1318.81    62369.1
1317.74    61939.9
1316.68    61731.7
1315.61    62185.3
1314.55    61733
1313.48    61642.2
1312.42    61865.7
1311.35    61627.1
1310.28    61775.5
1309.22    61335.5
1308.15    60853.4
1307.08    61273.6
1306.02    61311.8
1304.95    61270.4
1303.88    61713.6
1302.81    62065.4
1301.75    60963.6
1300.68    60875.4
1299.61    61500.8
1298.54    61534.2
1297.47    61490.3
1296.4    61591.5
1295.33    60811.4
1294.26    61064.5
1293.19    61168
1292.12    60872
1291.05    60891.4
1289.98    61282
1288.91    60902.1
1287.84    60863.1
1286.77    60786.8
1285.69    60906.5
1284.62    60855.8
1283.55    60746.9
1282.48    60742.9
1281.41    61062.9
1280.33    61028.5
1279.26    60428.1
1278.19    61050.7
1277.11    60357.3
1276.04    60202.1
1274.97    60351.8
1273.89    60731.8
1272.82    60271.8
1271.74    59928.2
1270.67    59863.9
1269.59    59911.2
1268.52    59860.8
1267.44    59859.3
1266.36    59855.4
1265.29    59647.1
1264.21    59587.5
1263.14    59839.1
1262.06    59814.3
1260.98    59638.6
1259.9    59189.2
1258.83    59565.9
1257.75    59204.9
1256.67    59465.5
1255.59    59025.7
1254.51    59346.5
1253.43    59516.5
1252.36    58968.1
1251.28    58760.5
1250.2    58738.3
1249.12    59230
1248.04    58832.7
1246.96    59305.7
1245.88    58605.3
1244.8    58849.1
1243.72    58919.4
1242.63    58989.6
1241.55    58756.9
1240.47    58478.1
1239.39    58236.3
1238.31    58329.7
1237.22    58305.2
1236.14    58502.4
1235.06    58226.2
1233.98    58169.4
1232.89    57782.7
1231.81    58157.5
1230.73    57641.7
1229.64    57864.1
1228.56    57828.2
1227.47    57372.7
1226.39    57608.9
1225.3    57462.4
1224.22    57813.6
1223.13    57872.1
1222.05    57285.9
1220.96    57346.8
1219.87    57520.4
1218.79    57058.9
1217.7    57099.1
1216.61    57389.9
1215.53    56871.2
1214.44    57168.9
1213.35    57484.8
1212.26    57451.3
1211.18    57204.1
1210.09    57326.9
1209    57291.1
1207.91    56966
1206.82    56618.2
1205.73    56596.3
1204.64    56859
1203.55    56832.5
1202.46    56920.7
1201.37    57357.3
1200.28    57328.4
1199.19    57505.8
1198.1    58164.2
1197.01    59340.1
1195.92    60430.7
1194.82    61724.6
1193.73    63878.6
1192.64    65617.4
1191.55    67417.2
1190.45    69433.5
1189.36    71000.6
1188.27    71929.1
1187.17    73099.4
1186.08    72879.5
1184.99    73107.6
1183.89    72115.6
1182.8    70936.8
1181.7    68879.3
1180.61    68103.5
1179.51    66536.1
1178.42    65161
1177.32    63651.9
1176.22    62620.2
1175.13    61719
1174.03    60847.8
1172.94    59708
1171.84    58760.1
1170.74    58179.5
1169.64    57555.9
1168.55    57506.4
1167.45    56742.1
1166.35    56369.6
1165.25    56340.9
1164.15    56617.1
1163.05    56695.3
1161.95    56238.9
1160.85    56540
1159.76    56343
1158.66    56471.2
1157.55    56881
1156.45    57363.3
1155.35    57534.3
1154.25    58347.8
1153.15    59049.6
1152.05    59712.6
1150.95    61144.4
1149.85    62165
1148.74    63734.1
1147.64    64601.7
1146.54    65348.7
1145.44    65270.4
1144.33    65477.6
1143.23    65890.9
1142.13    64781.8
1141.02    64393.4
1139.92    63129.1
1138.81    61912.8
1137.71    60979.9
1136.6    59592.7
1135.5    58463.9
1134.39    57851.3
1133.29    57302.3
1132.18    56999.9
1131.07    57018.5
1129.97    56522
1128.86    56608.4
1127.75    56744.5
1126.65    56720.3
1125.54    56928.5
1124.43    56522.8
1123.32    56721.9
1122.21    57771.4
1121.11    56939.5
1120    57589.3
1118.89    58173.5
1117.78    57997.9
1116.67    58662.8
1115.56    59221.5
1114.45    59394.8
1113.34    59392.4
1112.23    59768.2
1111.12    60128.1
1110.01    61174.1
1108.9    61027.3
1107.78    62072.5
1106.67    63290.4
1105.56    64213.3
1104.45    65367.1
1103.33    67367.6
1102.22    69847.9
1101.11    72508.9
1100    75090.1
1098.88    78143.7
1097.77    81799.7
1096.65    86380.7
1095.54    91439.6
1094.42    97788
1093.31    102492
1092.19    109559
1091.08    116464
1089.96    124703
1088.85    133344
1087.73    140569
1086.61    149317
1085.5    156891
1084.38    164903
1083.26    170126
1082.15    173851
1081.03    175739
1079.91    176785
1078.79    174249
1077.67    169184
1076.55    164489
1075.44    157643
1074.32    149392
1073.2    140173
1072.08    133528
1070.96    124875
1069.84    117597
1068.72    110631
1067.59    104309
1066.47    98496.3
1065.35    93629.1
1064.23    89290.1
1063.11    85287.4
1061.99    81377.9
1060.86    78505.8
1059.74    75512.6
1058.62    73564.9
1057.49    71115.1
1056.37    69369.5
1055.25    67655.9
1054.12    66245.6
1053    65176.1
1051.87    64638.5
1050.75    63289.9
1049.62    62068.5
1048.5    61316.4
1047.37    60518.1
1046.25    59449.2
1045.12    59561.8
1044    58695.6
1042.87    58136
1041.74    57825.1
1040.61    57379.1
1039.49    56292.4
1038.36    56199.4
1037.23    56088.7
1036.1    55873.9
1034.97    55894
1033.85    54755.8
1032.72    55309.8
1031.59    54541.9
1030.46    54502.6
1029.33    54485.3
1028.2    54483.6
1027.07    54899.8
1025.94    54754.2
1024.81    54818.7
1023.67    55689.9
1022.54    55975
1021.41    56697.5
1020.28    59047.2
1019.15    60238.9
1018.01    62463.1
1016.88    63088.4
1015.75    62912.4
1014.62    61611.5
1013.48    59759.9
1012.35    57443.9
1011.21    55728.5
1010.08    54025
1008.95    53397.5
1007.81    53129.4
1006.68    52916.4
1005.54    52989.7
1004.4    52559
1003.27    52425.5
1002.13    52945.5
1001    52028.9
999.858    51563.6
998.721    51401.8
997.584    50881.9
996.446    50795.1
995.308    50800.6
994.17    50626
993.032    50660.1
991.893    50463.7
990.754    50203.6
989.615    50577.9
988.476    50219.3
987.336    50402.5
986.196    50068.2
985.055    50146.2
983.915    50164.9
982.774    50387.4
981.633    50368.9
980.491    50727
979.35    50320.8
978.208    50435.8
977.066    50511.3
975.923    50308.9
974.78    50570.3
973.637    50403
972.494    50371.3
971.35    50330.8
970.206    50380
969.062    50249.9
967.918    50074.1
966.773    50263
965.628    50058.9
964.483    50557.7
963.338    50323
962.192    50075.3
961.046    49901.9
959.899    49671.8
958.753    49873.6
957.606    50164.6
956.459    50087.2
955.311    49524
954.164    49627.6
953.016    49471.9
951.867    49640.7
950.719    49300.1
949.57    49347
948.421    49631.1
947.272    49564.8
946.122    49478.9
944.972    49208.3
943.822    49498.6
942.672    49567.1
941.521    49483.4
940.37    49460.6
939.218    49181.6
938.067    49148.1
936.915    49244.7
935.763    49078.8
934.611    48882.6
933.458    48959.7
932.305    48605.3
931.152    49269.9
929.998    48978.4
928.844    49170.3
927.69    48857.3
926.536    48778.3
925.381    48831.5
924.226    48627
923.071    48565.5
921.916    48419.6
920.76    48559.2
919.604    48313.9
918.448    48135.7
917.291    48355.4
916.134    48585.7
914.977    48398.9
913.82    48642
912.662    48248
911.504    48301
910.346    48632.5
909.187    48842.9
908.028    48311.1
906.869    48666.1
905.71    48233.7
904.55    48603.6
903.39    48471.1
902.23    48403.2
901.069    48563.8
899.908    48616.6
898.747    48402.3
897.586    48035.4
896.424    48389.5
895.262    48478.8
894.1    48555.2
892.937    48412.2
891.775    48701.3
890.612    48489.5
889.448    48714.1
888.285    48607.6
887.121    48408.9
885.956    48777.1
884.792    48748
883.627    48663.1
882.462    48923.7
881.297    48838.8
880.131    48741.1
878.965    48847.1
877.799    48809.4
876.632    49361.1
875.466    49016.9
874.298    48602.1
873.131    49044.2
871.963    49308.4
870.796    49157.1
869.627    49068
868.459    49115.9
867.29    49576.5
866.121    49816.6
864.952    49860
863.782    50367.1
862.612    50715.8
861.442    50936.2
860.271    51184.2
859.1    51479.1
857.929    51987.3
856.758    52864.5
855.586    53685.7
854.414    54380.7
853.242    55450.6
852.069    56247.1
850.897    57895.9
849.723    58757.5
848.55    60558.2
847.376    61606.1
846.202    61999.7
845.028    61790.6
843.853    61943.5
842.679    60745.1
841.503    58917.5
840.328    57484.3
839.152    55452.2
837.976    54730.6
836.8    53543.9
835.623    53133.3
834.446    52227.9
833.269    51433.5
832.092    51061.9
830.914    50928.2
829.736    50020.1
828.557    50190.1
827.379    49942.2
826.2    49461.2
825.021    49597.3
823.841    49167.4
822.661    49290.8
821.481    49278.5
820.301    48472
819.12    48968.1
817.939    49025.8
816.758    48757.5
815.576    48554.9
814.394    48223.4
813.212    48380.6
812.029    47844.2
810.847    48565.7
809.664    47879.5
808.48    48520.3
807.297    48250.5
806.113    48698.8
804.928    48194.8
803.744    48343.1
802.559    48518.8
801.374    48373.8
800.188    48384.9
799.003    48423.4
797.817    48577.8
796.63    48283.2
795.444    48389.1
794.257    48265.3
793.069    47899.5
791.882    47872.7
790.694    47852.3
789.506    47855
788.318    47790.4
787.129    47852
785.94    47739.1
784.75    47367.6
783.561    47307.4
782.371    47925.8
781.181    47947.3
779.99    48111.7
778.799    48328.4
777.608    48303.6
776.417    47869.7
775.225    48306.6
774.033    48692.9
772.841    48800.1
771.648    48865.4
770.455    48798.6
769.262    48687.8
768.069    48409.5
766.875    47955.4
765.681    47909.8
764.486    47535.6
763.292    47144.8
762.097    47218.7
760.901    47520.5
759.706    47372.5
758.51    47118.1
757.313    47292.1
756.117    46699.3
754.92    47426.9
753.723    47020.2
752.525    46853.8
751.328    46910.8
750.13    47285
748.931    47926
747.733    47198.4
746.534    47467.9
745.334    47745.6
744.135    47362.5
742.935    47936
741.735    47828
740.534    47459.7
739.333    48218
738.132    48222.3
736.931    48205.9
735.729    48133.3
734.527    48678.4
733.325    48905.2
732.122    49260.7
730.919    49482.9
729.716    49667.7
728.512    51161
727.309    51642.2
726.104    53426.9
724.9    54449
723.695    56103.5
722.49    57522.6
721.285    58150.9
720.079    58623.3
718.873    58500.5
717.667    56939.5
716.46    56036.1
715.253    54402
714.046    52615.4
712.838    51968.4
711.63    50504.2
710.422    49326.3
709.214    48935.1
708.005    48219.3
706.796    48089.1
705.586    48252.5
704.377    48256.6
703.167    47967.4
701.956    47897.2
700.746    48031.6
699.535    48776.9
698.323    48749.9
697.112    48691.9
695.9    49094.1
694.688    48652.5
693.475    49000.7
692.262    48810.9
691.049    49047.6
689.836    48915.5
688.622    48688.7
687.408    48585.5
686.193    48233.3
684.979    48537.8
683.764    47938.9
682.548    48231
681.333    47914.2
680.117    47799
678.9    47595.5
677.684    47794.8
676.467    47225.8
675.25    47065.7
674.032    47301.9
672.814    46653.3
671.596    46823.9
670.377    46426.1
669.159    46243.8
667.939    46514.8
666.72    46478.1
665.5    46209.9
664.28    46562.6
663.06    46173.6
661.839    46155.5
660.618    45979.7
659.397    46508.2
658.175    45966.1
656.953    46029.8
655.731    46328.7
654.508    46075.4
653.285    46269.9
652.062    45814.4
650.838    45949.6
649.615    46182.7
648.39    46285
647.166    46197.5
645.941    46393.6
644.716    46667.2
643.49    46287.8
642.265    46702
641.038    46614.4
639.812    46781.6
638.585    46596.1
637.358    47235.9
636.131    47347.8
634.903    47748.8
633.675    47335.3
632.447    47168.2
631.218    46891.4
629.989    46626.9
628.759    46622.8
627.53    46531.3
626.3    46380.9
625.07    46330.2
623.839    46704
622.608    46269.3
621.377    46141.5
620.145    46318.1
618.913    46218.7
617.681    46348.6
616.448    46429.7
615.216    46547.3
613.982    46733.8
612.749    46729.6
611.515    46462
610.281    47029.1
609.046    46954
607.811    46951.7
606.576    47143.8
605.341    46761.1
604.105    47193.8
602.869    47290.6
601.632    47534.9
600.396    47595.1
599.158    47606.8
597.921    47893.3
596.683    48203.8
595.445    48146.7
594.207    48087.5
592.968    48462.3
591.729    48937.8
590.49    48876.4
589.25    49127.7
588.01    49392.9
586.769    49700.3
585.529    50126.4
584.288    49792.8
583.046    50065.6
581.805    50217.5
580.563    50572.5
579.32    50402.1
578.077    50628.2
576.834    50723.4
575.591    51467.9
574.347    50758.8
573.103    51396.4
571.859    51179.8
570.614    51955.6
569.369    51321.3
568.124    51795.5
566.878    52434
565.632    52179.3
564.386    52380
563.139    52484.4
561.892    52727
560.645    52424.4
559.397    52901.3
558.15    53281.9
556.901    53313.7
555.653    53241.5
554.404    53875.8
553.154    53805.4
551.905    54105.1
550.655    54526.7
549.404    54660.1
548.154    54583.5
546.903    55308.3
545.651    55878.9
544.4    56445.2
543.148    56999.2
541.895    58062
540.643    58216.1
539.39    59643
538.136    60859.7
536.883    61750.8
535.629    62414.1
534.374    63340.1
533.12    64458.8
531.865    65493.3
530.609    66099.1
529.354    66577.1
528.098    65936.2
526.841    65852.8
525.585    66052
524.327    65008
523.07    64205.2
521.812    63800.3
520.554    62048.3
519.296    61040.3
518.037    59226.4
516.778    58354.7
515.519    57078.4
514.259    55987.4
512.999    54916.9
511.738    53749.7
510.478    53178
509.217    52128.8
507.955    51627.2
506.693    50763.3
505.431    50187.1
504.169    50112.1
502.906    49247.3
