2025.16    12809.5
2023.63    12889.4
2022.09    13080.7
2020.56    12987
2019.02    13113.1
2017.48    13021
2015.95    13023.4
2014.41    12996.5
2012.87    13023.2
2011.34    13124.8
2009.8    12943.4
2008.26    12953.9
2006.72    13022.9
2005.19    12859.5
2003.65    12876.5
2002.11    13034.8
2000.57    12957.6
1999.03    12817.1
1997.49    12933.1
1995.95    12987.4
1994.41    12754.4
1992.87    12966.1
1991.33    12898.7
1989.79    12914
1988.24    12822.3
1986.7    12941.4
1985.16    12861.1
1983.62    12899.1
1982.07    12773.4
1980.53    12860.1
1978.99    12969.3
1977.44    12851.8
1975.9    12922.1
1974.36    12937.4
1972.81    12894.4
1971.27    12901.6
1969.72    12929.8
1968.17    12971
1966.63    12881.1
1965.08    12957.8
1963.54    12952
1961.99    12907.5
1960.44    13000.3
1958.89    12715
1957.35    12883.7
1955.8    12729.4
1954.25    12815.7
1952.7    12787.3
1951.15    12857.4
1949.6    12975.9
1948.05    12963.7
1946.5    12978.9
1944.95    12932.8
1943.4    12809.3
1941.85    12693.9
1940.3    12868.7
1938.75    12811.4
1937.2    12850.7
1935.65    12777.3
1934.1    12858.5
1932.54    12918.8
1930.99    12908.2
1929.44    12875.1
1927.88    12999.6
1926.33    12898.9
1924.78    12787
1923.22    12890.6
1921.67    12987.7
1920.11    12668.4
1918.56    12882.9
1917    12899.6
1915.44    12932.4
1913.89    12777.2
1912.33    12821.3
1910.77    12805.9
1909.22    12649.2
1907.66    12850.5
1906.1    12886.5
1904.54    12837.4
1902.98    12783.5
1901.43    13007.1
1899.87    12839.3
1898.31    12844.8
1896.75    12754.1
1895.19    12708.2
1893.63    12585.5
1892.07    12679.1
1890.51    12748.7
1888.94    12773.3
1887.38    12641.1
1885.82    12664.2
1884.26    12860.1
1882.7    12585.5
1881.13    12703
1879.57    12658.8
1878.01    12768.2
1876.44    12738.5
1874.88    12627.2
1873.32    12472.9
1871.75    12652.5
1870.19    12586.1
1868.62    12601.1
1867.05    12526.7
1865.49    12562.5
1863.92    12523.3
1862.36    12659.6
1860.79    12687.3
1859.22    12397.6
1857.65    12546.7
1856.09    12550.5
1854.52    12489
1852.95    12510.4
1851.38    12665.6
1849.81    12610.5
1848.24    12499.6
1846.67    12570.3
1845.1    12539.1
1843.53    12714.9
1841.96    12690
1840.39    12767
1838.82    12645.1
1837.25    12594.8
1835.67    12667
1834.1    12634.2
1832.53    12680.9
1830.96    12703.8
1829.38    12647.2
1827.81    12720.9
1826.24    12899.4
1824.66    12858.6
1823.09    12868.7
1821.51    12859.8
1819.94    12915.9
1818.36    12927.5
1816.79    13384.9
1815.21    13234.7
1813.63    13225.7
1812.06    13243.6
1810.48    13440.6
1808.9    13536.1
1807.32    13550.8
1805.75    13565.5
1804.17    13576.9
1802.59    13588.4
1801.01    13701.2
1799.43    13612.9
1797.85    13773.1
1796.27    13738.7
1794.69    13691.6
1793.11    13622.3
1791.53    13815.6
1789.95    13921.9
1788.37    13925.3
1786.78    13889.3
1785.2    13854.9
1783.62    13757.2
1782.04    13822.3
1780.45    13835.3
1778.87    13676.1
1777.29    13662.3
1775.7    13629.5
1774.12    13610.9
1772.53    13578.1
1770.95    13498.1
1769.36    13489
1767.77    13516.1
1766.19    13374.7
1764.6    13461.7
1763.02    13421.1
1761.43    13445.1
1759.84    13392
1758.25    13403.4
1756.66    13378.6
1755.08    13323.9
1753.49    13461.2
1751.9    13386
1750.31    13238.5
1748.72    13155.6
1747.13    13151.3
1745.54    13230.3
1743.95    13185.1
1742.36    13157.3
1740.76    12917.3
1739.17    13008.9
1737.58    12945
1735.99    13094.6
1734.4    13030.6
1732.8    13238.2
1731.21    13180.5
1729.61    13184.1
1728.02    13181.3
1726.43    13178.6
1724.83    13204.1
1723.24    13304.8
1721.64    13184.5
1720.05    13363.5
1718.45    13262
1716.85    13476.9
1715.26    13445.9
1713.66    13577.7
1712.06    13635.9
1710.46    13625.3
1708.87    13708.5
1707.27    13876.1
1705.67    14018.6
1704.07    13956.3
1702.47    13987.7
1700.87    14163
1699.27    14203.8
1697.67    14258.6
1696.07    14304
1694.47    14351
1692.87    14308.9
1691.26    14284.1
1689.66    14549.5
1688.06    14630.7
1686.46    14626.1
1684.85    14540.4
1683.25    14694.8
1681.65    14548.3
1680.04    14652.8
1678.44    14738.5
1676.83    14950.4
1675.23    15042.2
1673.62    14989.3
1672.02    15261.7
1670.41    15093.5
1668.8    15236.6
1667.2    15280
1665.59    15161.7
1663.98    15076.1
1662.37    15231.5
1660.77    15274.9
1659.16    15273.3
1657.55    15193.9
1655.94    14963.9
1654.33    15285.3
1652.72    15285.2
1651.11    15261.8
1649.5    15328.4
1647.89    15322.1
1646.28    15570.2
1644.67    15627.4
1643.05    15686.2
1641.44    15577.4
1639.83    15659.4
1638.22    15941.2
1636.6    15820.1
1634.99    15991.8
1633.38    16182
1631.76    16305.6
1630.15    16393.5
1628.53    16713.5
1626.92    16863.2
1625.3    17087.1
1623.68    17428.5
1622.07    17645.9
1620.45    17942.2
1618.83    18156.3
1617.22    18457
1615.6    18468.5
1613.98    18934.3
1612.36    18914.8
1610.74    19239.7
1609.12    19441
1607.5    19742.5
1605.89    19989.9
1604.27    20124.5
1602.64    20442.6
1601.02    20674.2
1599.4    21348.3
1597.78    21541.1
1596.16    22022.1
1594.54    22667.7
1592.91    23222.1
1591.29    24386.4
1589.67    25631.7
1588.04    27358.5
1586.42    29838.8
1584.8    33087.6
1583.17    35902.6
1581.55    38814.9
1579.92    41692.1
1578.3    43403.9
1576.67    44261.8
1575.04    44684.2
1573.42    43634.2
1571.79    42191.4
1570.16    40177.6
1568.53    38098.8
1566.91    35916.3
1565.28    33813.2
1563.65    32171.3
1562.02    30184.9
1560.39    29017.1
1558.76    27934.1
1557.13    26925.2
1555.5    25910.6
1553.87    25104.8
1552.24    24612.1
1550.6    24401.5
1548.97    23705.4
1547.34    23579.3
1545.71    23235.8
1544.07    22966
1542.44    22388.6
1540.81    22296.5
1539.17    21949
1537.54    21825
1535.9    21560.3
1534.27    21583.2
1532.63    21306.4
1531    21424.1
1529.36    20930.5
1527.72    20689.2
1526.09    20629.8
1524.45    20352
1522.81    20720.1
1521.17    20224.2
1519.54    20262.5
1517.9    20122.3
1516.26    20055.4
1514.62    20157.8
1512.98    19952.2
1511.34    19818.3
1509.7    19868.9
1508.06    19503.5
1506.42    19508.4
1504.77    19281.8
1503.13    19216.7
1501.49    18736.1
1499.85    18955.7
1498.2    18711.2
1496.56    18690.4
1494.92    18534.2
1493.27    18744.6
1491.63    18731.4
1489.98    18586
1488.34    18706.6
1486.69    18587
1485.05    18728.8
1483.4    18935.8
1481.76    18766.2
1480.11    19021.6
1478.46    18973.5
1476.81    18969.3
1475.17    18874.2
1473.52    18905
1471.87    18623.3
1470.22    18419.2
1468.57    18122.6
1466.92    17736.8
1465.27    17890.5
1463.62    17735.1
1461.97    17613.1
1460.32    17423
1458.67    17298.1
1457.01    17412.4
1455.36    17355.6
1453.71    17403.2
1452.06    17520.4
1450.4    17238.4
1448.75    17349.5
1447.09    17327.5
1445.44    17347.9
1443.78    17277.6
1442.13    17293.5
1440.47    17409
1438.82    17331.2
1437.16    17585.4
1435.5    17396
1433.85    17671.3
1432.19    17536.1
1430.53    17767.5
1428.87    17816.4
1427.22    17899.9
1425.56    17870.3
1423.9    18048.7
1422.24    18418.3
1420.58    18796.8
1418.92    19151
1417.26    19273.2
1415.6    19380.4
1413.93    19631.9
1412.27    20146.6
1410.61    20273
1408.95    20501.6
1407.28    20715
1405.62    20669.9
1403.96    20838.1
1402.29    20988.2
1400.63    21219.4
1398.96    21199.7
1397.3    21541.8
1395.63    21540.1
1393.97    21754.4
1392.3    21806.6
1390.64    22067.3
1388.97    22038.4
1387.3    22168.5
1385.63    22084.1
1383.96    22121.2
1382.3    22341
1380.63    22321.1
1378.96    22377.5
1377.29    22324.6
1375.62    22400.5
1373.95    22513.8
1372.28    22425
1370.61    22562.1
1368.94    22649.8
1367.26    22369.7
1365.59    22340.8
1363.92    22205.7
1362.25    22097.7
1360.57    21689.4
1358.9    21511.3
1357.23    21348.2
1355.55    21067.2
1353.88    20783.4
1352.2    20516.1
1350.53    20193.7
1348.85    19929.6
1347.17    19688
1345.5    19738.8
1343.82    19255.9
1342.14    18975.8
1340.46    18701.9
1338.79    18612.8
1337.11    18353.9
1335.43    18181.6
1333.75    17794.9
1332.07    17822.2
1330.39    17673.8
1328.71    17525.6
1327.03    17469.6
1325.35    17137
1323.67    16871.5
1321.98    16885.6
1320.3    16816.4
1318.62    16771
1316.94    16545.9
1315.25    16398.2
1313.57    16381.1
1311.88    16435.3
1310.2    16170.5
1308.52    16132.7
1306.83    16280.4
1305.14    16155.1
1303.46    15932
1301.77    16116.7
1300.08    16022.7
1298.4    15838.3
1296.71    15843.6
1295.02    15705.3
1293.33    15749.1
1291.64    15718.9
1289.96    15824.9
1288.27    15637.8
1286.58    15755.6
1284.89    15679.6
1283.2    15708.6
1281.5    15678.4
1279.81    15456.1
1278.12    15420.1
1276.43    15619.1
1274.74    15500.3
1273.04    15332.9
1271.35    15416.5
1269.66    15597.5
1267.96    15585.2
1266.27    15329.3
1264.57    15317
1262.88    15337.1
1261.18    15178.9
1259.49    15288.9
1257.79    15435.8
1256.09    15273.2
1254.4    15150.4
1252.7    15129.3
1251    15072.8
1249.3    15181.3
1247.6    15380.9
1245.9    15451
1244.21    15115
1242.51    15277.8
1240.81    15237.5
1239.1    15259.1
1237.4    15432
1235.7    15058.2
1234    15234
1232.3    15105.7
1230.6    15163.9
1228.89    15085.6
1227.19    15124.7
1225.49    14911.4
1223.78    14815.6
1222.08    14708.1
1220.37    14654.9
1218.67    14446.3
1216.96    14611.5
1215.25    14403
1213.55    14237.1
1211.84    14077.1
1210.13    14166.2
1208.43    14023.9
1206.72    13752.8
1205.01    13675
1203.3    13535.8
1201.59    13756.5
1199.88    13827.9
1198.17    13631.8
1196.46    13554.1
1194.75    13521.8
1193.04    13448.6
1191.33    13511.2
1189.62    13642.5
1187.9    13502.1
1186.19    13637.7
1184.48    14054.8
1182.77    14355.1
1181.05    14917.7
1179.34    15429.1
1177.62    15657.3
1175.91    15860.7
1174.19    15983.9
1172.48    15639.3
1170.76    15455
1169.04    15147.1
1167.33    14673.3
1165.61    14335.2
1163.89    14033.5
1162.17    13630.2
1160.45    13682.3
1158.73    13452.3
1157.02    13315.4
1155.3    13203.3
1153.58    13277.3
1151.85    13143.4
1150.13    13211.6
1148.41    13205.6
1146.69    13189.5
1144.97    13359.2
1143.25    13463.5
1141.52    13432.8
1139.8    13522.5
1138.08    13547
1136.35    13609.1
1134.63    13676.9
1132.9    13686.8
1131.18    13451.8
1129.45    13302.4
1127.72    13187.8
1126    12883.6
1124.27    12779.2
1122.54    12592.5
1120.82    12721.2
1119.09    12402.9
1117.36    12428.9
1115.63    12507
1113.9    12537.4
1112.17    12498.3
1110.44    12596.6
1108.71    12572
1106.98    12466.5
1105.25    12700.4
1103.51    12690.2
1101.78    12916.7
1100.05    12629.5
1098.32    12726
1096.58    12925
1094.85    12998.4
1093.12    12957.9
1091.38    13096.1
1089.65    13564.2
1087.91    13889.4
1086.17    14377.3
1084.44    14787.2
1082.7    15545.2
1080.96    16338.9
1079.23    17300.5
1077.49    18493.3
1075.75    19420.9
1074.01    20734.8
1072.27    21654.2
1070.53    22566
1068.79    22925.7
1067.05    22683.3
1065.31    22448.2
1063.57    21664.7
1061.83    20900.3
1060.09    19800.4
1058.34    18679.5
1056.6    17804.4
1054.86    16638.5
1053.11    16091.2
1051.37    15145.7
1049.63    14583.2
1047.88    14331.9
1046.14    13688.2
1044.39    13599.1
1042.64    13438.4
1040.9    13297.8
1039.15    13170.2
1037.4    12935.3
1035.66    12896.5
1033.91    12623.1
1032.16    12434.3
1030.41    12520
1028.66    12522.7
1026.91    12368.3
1025.16    12341.1
1023.41    12068.3
1021.66    12099.7
1019.91    12209.6
1018.15    12263.8
1016.4    12045.5
1014.65    12208.1
1012.9    12088.2
1011.14    12185.2
1009.39    12381.8
1007.63    12418.8
1005.88    12330.4
1004.12    12367.3
1002.37    12163.6
1000.61    12118
998.857    11938.6
997.1    11994.1
995.342    12085.2
993.585    12031.1
991.826    11992.7
990.068    11877.5
988.309    11589
986.549    11701.3
984.79    11494
983.029    11329.3
981.269    11363.6
979.508    11287
977.746    11400.7
975.984    11339.8
974.222    11259.1
972.459    11090.5
970.696    11158.7
968.932    11272.3
967.168    11221.4
965.404    11084.1
963.639    11145.2
961.874    11247.3
960.108    11028
958.342    11291.5
956.575    11063.8
954.808    10956.4
953.041    10853.4
951.273    10910.1
949.505    10863.7
947.736    10872.4
945.967    10868.4
944.197    10744.3
942.427    10909.8
940.657    10853.5
938.886    10826.9
937.115    10630.9
935.343    10696.1
933.571    10637.1
931.798    10785.4
930.025    10658.7
928.252    10520.8
926.478    10724.1
924.704    10517.2
922.929    10473.8
921.154    10562.8
919.379    10532.1
917.603    10391.6
915.826    10421.4
914.049    10390.8
912.272    10353.1
910.495    10325.3
908.716    10289
906.938    10456.6
905.159    10248.9
903.38    10219.7
901.6    10043.1
899.819    10078.6
898.039    10126.7
896.258    10038.6
894.476    9985.63
892.694    10130.5
890.912    9969.56
889.129    9950.32
887.346    9982.94
885.562    9927.26
883.778    9930.45
881.993    9902.81
880.208    9963.43
878.423    9945.6
876.637    9929.18
874.85    9842.79
873.064    10037.7
871.276    10045
869.489    9929.29
867.701    9939.45
865.912    10166.3
864.123    10004.5
862.334    10067.7
860.544    10048.5
858.754    10117.2
856.963    10082.6
855.172    10172.3
853.38    10349.8
851.588    10269.2
849.796    10401.9
848.003    10363.1
846.21    10511.1
844.416    10536.4
842.622    10634.2
840.827    10784.8
839.032    10771
837.236    10838
835.44    10861.8
833.644    10867.4
831.847    10803.5
830.05    10685.4
828.252    10814.9
826.454    10509.2
824.655    10449.6
822.856    10333.1
821.057    10265.2
819.257    10234.9
817.456    10193.5
815.655    10149.4
813.854    10127.4
812.052    10116.6
810.25    9967.05
808.447    9974.29
806.644    9914.98
804.841    9940.25
803.037    9840.78
801.232    9831.41
799.428    9888.54
797.622    9798.85
795.816    9554.14
794.01    9663.88
792.204    9687.78
790.397    9692.29
788.589    9706.48
786.781    9734.49
784.972    9539.92
783.164    9688.19
781.354    9623.6
779.544    9618.45
777.734    9544.24
775.923    9417.6
774.112    9681.66
772.301    9762.05
770.489    9616.13
768.676    9590.29
766.863    9578.24
765.05    9567.58
763.236    9590
761.422    9431.9
759.607    9505.31
757.792    9434.07
755.976    9554.25
754.16    9646.84
752.343    9670.58
750.526    9432.88
748.709    9580.45
746.891    9503.79
745.072    9601.77
743.253    9552.63
741.434    9554.36
739.614    9458.54
737.794    9457.54
735.973    9573.25
734.152    9587.32
732.331    9597.26
730.508    9618.17
728.686    9481.32
726.863    9657.21
725.039    9649.29
723.216    9698.95
721.391    9662.25
719.566    9588.57
717.741    9914.86
715.915    9945.23
714.089    9960.51
712.262    10085.3
710.435    10108.7
708.608    10089.8
706.78    10088.6
704.951    9954.76
703.122    9848.36
701.293    9895.06
699.463    9791.45
697.632    9870.92
695.802    9707.29
693.97    9610.63
692.139    9799.27
690.306    9935.95
688.474    9885.68
686.64    9843.62
684.807    9871.12
682.973    9938.12
681.138    9866.09
679.303    9979.38
677.468    9901.93
675.632    9883.07
673.795    9892.8
671.958    9770.51
670.121    9829.25
668.283    9917.88
666.445    10033.7
664.606    9975.35
662.767    9937.46
660.927    10012.4
659.087    10109
657.246    9942.06
655.405    10103.8
653.563    9985.84
651.721    10021.3
649.879    9896.6
648.036    9974.09
646.192    9995.94
644.348    9760.18
642.504    9840.36
640.659    10028.9
638.813    9959.93
636.968    9958.73
635.121    10026.6
633.274    9919.76
631.427    9783.23
629.579    9840.24
627.731    9918.86
625.882    10067.8
624.033    9969.17
622.184    10026.1
620.333    9931.59
618.483    10023.6
616.632    9995.34
614.78    9933.34
612.928    10133.3
611.075    10127.9
609.222    10173.9
607.369    10299.4
605.515    10335.8
603.66    10276.5
601.805    10431.5
599.95    10551.4
598.094    10571.6
596.238    10718.3
594.381    10758.6
592.523    10821.8
590.666    11071.9
588.807    11052.9
586.948    11078.3
585.089    10975.9
583.229    11186.8
581.369    11338.4
579.508    11343.5
577.647    11370.1
575.785    11518.9
573.923    11580.3
572.06    11622.9
570.197    11806.4
568.334    11820.7
566.469    11741.2
564.605    11739.5
562.74    11855.7
560.874    11809.7
559.008    11856.2
557.141    11966.9
555.274    12032
553.407    11953.9
551.539    11849.1
549.67    11922.2
547.801    11785.3
545.931    12063
544.061    11769.8
542.191    12046
540.32    12050.8
538.448    12081
536.576    12043.1
534.704    12137.4
532.831    12084.8
530.957    12241.8
529.083    12371.9
527.209    12464.7
525.334    12428.1
523.458    12583.4
521.582    12665.3
519.706    12876.5
517.829    12863.7
515.951    12700.5
514.073    12842.3
512.195    12801.6
510.316    12635.9
508.436    12466.3
506.556    12311.3
504.676    12337.3
502.795    12215.7
500.913    11941.4
499.031    12099
497.149    11879.3
495.266    11856.2
493.383    11814.5
491.499    11751.7
489.614    11598.6
487.729    11600.8
485.844    11694.5
483.958    11470
482.071    11546.5
480.184    11505
478.297    11546.9
476.408    11527.9
474.52    11575.1
472.631    11394.7
470.741    11427.4
468.851    11309.2
466.961    11238.7
465.07    11242.3
463.178    11103.2
461.286    11131.9
459.393    10945.3
457.5    10823.5
455.607    10853.6
453.713    10836.1
451.818    10718.4
449.923    10740.6
448.027    10713.9
446.131    10713.7
444.234    10735.8
442.337    10682.8
440.439    10589
438.541    10674.4
436.642    10736
434.743    10679.2
432.843    10701.3
430.943    10772
429.042    10640.2
427.141    10689.9
425.239    10666
423.337    10618.4
421.434    10741.6
419.53    10846.4
417.627    10718.7
415.722    10812.9
413.817    10731.3
411.912    10734.9
410.006    10680.8
408.099    10643.8
406.192    10585.8
404.285    10628.8
402.377    10504
400.468    10493.3
398.559    10495.7
396.649    10356.6
394.739    10353.8
392.828    10335.3
390.917    10227.8
389.005    10134.7
387.093    10224.8
385.18    10066.4
383.267    10228.3
381.353    10151
379.439    10139.1
377.524    10320.4
375.608    10270.5
373.692    10265.1
371.776    10262.3
369.859    10170.8
367.941    10265.7
366.023    10195.1
364.105    10377.3
362.186    10279.4
360.266    10185.3
358.346    10144.8
356.425    10168
354.504    10166.5
352.582    10080.4
350.66    10263.6
348.737    10186.6
346.813    10143.5
344.889    10095.2
342.965    9826.07
341.04    9919.43
339.114    9936.14
337.188    9938.57
335.262    9806.03
333.334    9948.59
331.407    9979.53
329.479    9954.7
327.55    9920.81
325.62    9995.78
323.691    10039.6
321.76    9926.73
319.829    9986.09
317.898    9931.52
315.966    10046.5
314.033    10121.3
312.1    10055.1
310.166    10119.5
308.232    10238.1
306.298    10297.3
304.362    10298.3
302.426    10359.9
300.49    10434.5
298.553    10617.4
296.616    10624.7
294.678    10523.7
292.739    10702.5
290.8    10787.2
288.86    10909.2
286.92    10903.5
284.979    11073
283.038    11076.3
281.096    11132.4
