1652.79    13593.1
1651.76    13745.1
1650.72    13870.8
1649.68    13624.9
1648.65    13813.2
1647.61    13791.7
1646.57    13772.5
1645.54    13849.9
1644.5    13775.3
1643.46    13724.8
1642.43    13970.8
1641.39    13985.4
1640.35    13925.3
1639.31    14053.1
1638.27    13990.6
1637.24    14007.6
1636.2    14202.7
1635.16    13966.9
1634.12    14202.9
1633.08    13984
1632.04    14436.4
1631    14366.7
1629.96    14333.1
1628.92    14359.6
1627.88    14523.1
1626.85    14496.7
1625.8    14869.3
1624.76    14576
1623.72    14621.7
1622.68    14578.4
1621.64    14828.2
1620.6    14660.1
1619.56    14710.5
1618.52    14727.3
1617.48    14993.7
1616.44    15084.8
1615.39    15190.3
1614.35    15156.6
1613.31    15144.5
1612.27    15309.9
1611.23    15343.3
1610.18    15163.4
1609.14    15594.8
1608.1    15798.3
1607.05    15764.5
1606.01    15941.6
1604.97    16279.2
1603.92    16403.4
1602.88    16858.1
1601.84    17092.4
1600.79    17415.1
1599.75    17828.8
1598.7    18570.1
1597.66    19043.2
1596.61    20679
1595.57    21720.9
1594.52    23625.9
1593.48    26245.3
1592.43    28268.4
1591.39    31180.2
1590.34    33866.3
1589.29    36121.3
1588.25    38619.3
1587.2    39554.1
1586.15    40920.9
1585.11    40916.4
1584.06    40606.3
1583.01    39935.8
1581.97    38993.4
1580.92    37225.6
1579.87    35374.8
1578.82    33176.4
1577.78    31419.9
1576.73    29764.2
1575.68    28276
1574.63    26604.7
1573.58    25117.6
1572.53    24260.1
1571.48    22928.7
1570.43    21869.3
1569.38    21367.8
1568.33    20702
1567.28    20053.2
1566.23    19397.4
1565.18    19072.8
1564.13    18174.6
1563.08    18054.9
1562.03    17554.6
1560.98    18032.2
1559.93    17567.7
1558.88    17136.6
1557.83    17304.9
1556.78    16881.2
1555.72    16833.1
1554.67    16473.8
1553.62    16368.8
1552.57    16382.7
1551.52    16816.9
1550.46    16208.5
1549.41    16580.9
1548.36    16423.7
1547.3    16494.5
1546.25    16225.9
1545.2    15720.1
1544.14    15508.6
1543.09    15812
1542.04    15562.6
1540.98    15588.4
1539.93    15180.3
1538.87    15203.8
1537.82    14660.8
1536.76    15118
1535.71    14847.7
1534.65    14823.8
1533.6    14823.6
1532.54    14721.6
1531.48    14695.4
1530.43    14657.4
1529.37    14321.2
1528.31    14685.5
1527.26    14652.2
1526.2    14529
1525.14    14692.1
1524.09    14490.9
1523.03    14554.6
1521.97    14183.3
1520.91    14162
1519.86    14310.8
1518.8    14317.7
1517.74    14168.8
1516.68    14182.9
1515.62    14371.7
1514.56    14170.9
1513.51    14220.4
1512.45    14347.7
1511.39    14229.6
1510.33    14224.8
1509.27    14229.4
1508.21    14017
1507.15    14054.6
1506.09    14292.7
1505.03    14063.9
1503.97    14061.4
1502.9    13941.2
1501.84    13922.3
1500.78    13966.9
1499.72    13931.5
1498.66    14035.1
1497.6    13992.6
1496.54    14006.6
1495.47    14183.1
1494.41    13952.3
1493.35    13938.1
1492.29    14201.5
1491.22    14384.8
1490.16    14784.4
1489.1    14636.1
1488.03    14732.2
1486.97    14988.2
1485.91    15319.3
1484.84    15182.6
1483.78    15459.5
1482.71    15257.2
1481.65    15348.4
1480.58    15376.2
1479.52    15089.5
1478.45    15077.5
1477.39    14936.3
1476.32    14577.1
1475.26    14537
1474.19    14257.7
1473.12    14203.6
1472.06    14376.9
1470.99    14095.4
1469.92    14378.9
1468.86    14106.8
1467.79    14001.3
1466.72    13776.2
1465.66    13860.5
1464.59    13689.4
1463.52    13616.8
1462.45    13619
1461.38    13729
1460.32    13410.6
1459.25    13794.3
1458.18    13618.7
1457.11    13766
1456.04    13896.8
1454.97    13931.8
1453.9    13891.9
1452.83    13742.2
1451.76    13835.5
1450.69    13917.2
1449.62    13737.2
1448.55    13767.4
1447.48    14152.6
1446.41    13921.3
1445.34    14021.5
1444.27    13946.7
1443.2    13797.2
1442.12    14107.3
1441.05    14072.1
1439.98    14144.3
1438.91    14048.5
1437.84    13833.8
1436.76    14257.9
1435.69    13910.4
1434.62    14192.2
1433.55    14189.6
1432.47    13909.9
1431.4    14044.8
1430.32    14128.5
1429.25    14440.2
1428.18    14298
1427.1    14169.7
1426.03    14434.7
1424.95    14206.5
1423.88    14310.9
1422.8    14443.2
1421.73    14484.8
1420.65    14633.3
1419.58    14379.7
1418.5    14442.1
1417.42    14411.6
1416.35    14376.5
1415.27    14367
1414.2    14522.3
1413.12    14494.1
1412.04    14619.2
1410.96    14611.9
1409.89    14539.6
1408.81    14590.3
1407.73    14754.7
1406.65    14596.7
1405.58    15067
1404.5    14795.4
1403.42    14941
1402.34    14815.5
1401.26    15039.9
1400.18    15011.7
1399.1    15210.5
1398.02    15694
1396.94    15554.5
1395.86    15887.4
1394.78    15896.1
1393.7    16089.9
1392.62    16086.9
1391.54    16562.9
1390.46    16564.5
1389.38    16582.3
1388.3    16905.2
1387.22    16631.7
1386.13    16843.6
1385.05    17124.7
1383.97    17043.1
1382.89    17176.2
1381.81    16953.7
1380.72    17354.7
1379.64    17226.8
1378.56    17087.5
1377.47    17155.9
1376.39    17335
1375.31    17013.5
1374.22    17012.7
1373.14    16732.9
1372.05    16955.7
1370.97    17183.1
1369.89    16788.2
1368.8    16937.2
1367.72    16938.7
1366.63    16599.2
1365.54    16812.7
1364.46    16572.4
1363.37    16433.5
1362.29    16584.7
1361.2    16303.2
1360.11    16164.4
1359.03    16074
1357.94    15956.1
1356.85    15704.8
1355.77    15720.3
1354.68    15517.4
1353.59    15475.4
1352.5    15369.1
1351.41    15143.4
1350.33    14984.4
1349.24    15023
1348.15    14747
1347.06    14654.7
1345.97    14445.4
1344.88    14350.9
1343.79    13921.4
1342.7    13976.2
1341.61    13980.5
1340.52    13732.5
1339.43    13757.5
1338.34    13743.5
1337.25    13681.3
1336.16    13490.9
1335.07    13476.9
1333.98    13165.1
1332.89    13297.8
1331.79    13183.1
1330.7    12848.7
1329.61    12899
1328.52    12905.7
1327.43    12713.4
1326.33    12894
1325.24    12630.9
1324.15    12852.6
1323.05    12548.4
1321.96    12619.2
1320.87    12971.1
1319.77    12692.2
1318.68    12792.7
1317.58    12404.2
1316.49    12502.4
1315.39    12796.9
1314.3    12675.8
1313.2    12515.9
1312.11    12696.1
1311.01    12650.4
1309.92    12593.3
1308.82    12549.8
1307.72    12465.4
1306.63    12319.4
1305.53    12451.6
1304.43    12385.4
1303.34    12462.9
1302.24    12663.3
1301.14    12624.5
1300.05    12515
1298.95    12822.4
1297.85    12519.4
1296.75    12473.8
1295.65    12523.8
1294.55    12464.6
1293.45    12419
1292.36    12428
1291.26    12450.7
1290.16    12575.7
1289.06    12450.6
1287.96    12075.5
1286.86    12311.8
1285.76    12423
1284.66    12470.7
1283.56    12341.1
1282.45    12191.2
1281.35    12454.5
1280.25    12261.5
1279.15    12290.9
1278.05    12436.1
1276.95    12515.4
1275.84    12215.9
1274.74    12147.8
1273.64    12306.5
1272.54    12326.8
1271.43    12478.6
1270.33    12385.6
1269.23    12383.2
1268.12    12466.9
1267.02    12188.3
1265.91    12075
1264.81    12136.1
1263.71    12036.5
1262.6    12369.1
1261.5    12038.7
1260.39    12102
1259.28    12031.8
1258.18    12052.1
1257.07    12174.2
1255.97    12065.6
1254.86    12110.8
1253.75    11914.1
1252.65    12067.7
1251.54    12063.2
1250.43    11794.4
1249.33    12022.4
1248.22    11990.8
1247.11    12013.3
1246    12011
1244.9    11981.6
1243.79    11821.5
1242.68    11866.5
1241.57    12060.4
1240.46    11690.7
1239.35    11796.6
1238.24    11875.5
1237.13    11839.4
1236.02    11670.4
1234.91    11814.6
1233.8    11920.4
1232.69    11747
1231.58    11731.2
1230.47    11618.7
1229.36    11821.2
1228.25    11614.2
1227.14    11744.7
1226.02    11639
1224.91    11679.5
1223.8    11749.1
1222.69    11654.7
1221.58    11780.5
1220.46    11989.4
1219.35    12072.5
1218.24    12153.2
1217.12    12319.3
1216.01    12316.9
1214.89    12063.1
1213.78    12294.2
1212.67    11876.8
1211.55    11997.8
1210.44    11932.7
1209.32    11979.7
1208.21    11856.3
1207.09    11827.2
1205.98    11697.1
1204.86    11851.7
1203.74    11697.1
1202.63    11522.4
1201.51    11421.6
1200.39    11320.9
1199.28    11426.1
1198.16    11258.3
1197.04    11435.1
1195.92    11343.4
1194.81    11497.7
1193.69    11544.7
1192.57    11500
1191.45    11786.1
1190.33    12154.7
1189.21    12456.2
1188.1    12721.9
1186.98    13152.7
1185.86    13369
1184.74    13857.5
1183.62    14127.1
1182.5    14314.1
1181.38    14467.4
1180.26    14196.9
1179.13    14270
1178.01    13961.7
1176.89    13642.4
1175.77    13550.5
1174.65    13220.3
1173.53    12883.5
1172.4    12696
1171.28    12506.4
1170.16    12192.2
1169.04    12201
1167.91    11791.2
1166.79    11768.9
1165.67    11764.3
1164.54    11768.7
1163.42    11953.2
1162.29    12035.4
1161.17    12077.5
1160.05    12090.7
1158.92    12288.3
1157.8    12230.4
1156.67    11665.9
1155.55    11754.7
1154.42    11441.4
1153.29    11148.3
1152.17    11035.1
1151.04    11015.2
1149.91    11097.3
1148.79    11030.8
1147.66    11201.7
1146.53    11039.8
1145.41    11197.2
1144.28    11177.3
1143.15    11348
1142.02    11445.4
1140.89    11551.7
1139.76    11476.4
1138.64    11693.3
1137.51    11598
1136.38    11662.2
1135.25    11438.5
1134.12    11230.4
1132.99    11170.7
1131.86    11243.7
1130.73    10973.9
1129.6    10766.1
1128.47    10642.3
1127.33    10887.8
1126.2    10746.4
1125.07    10432.7
1123.94    10505.8
1122.81    10395.5
1121.68    10377.9
1120.54    10464.2
1119.41    10680.6
1118.28    10482.1
1117.15    10585.9
1116.01    10482.3
1114.88    10486.9
1113.74    10526.7
1112.61    10372.5
1111.48    10460.8
1110.34    10560.1
1109.21    10619.6
1108.07    10725.5
1106.94    10677.1
1105.8    10859.9
1104.67    10741.1
1103.53    10926
1102.39    10824.8
1101.26    10809.4
1100.12    10948.1
1098.98    11260.4
1097.85    11407.6
1096.71    11598.8
1095.57    12036.1
1094.44    12218.3
1093.3    12530
1092.16    13021.8
1091.02    13517.7
1089.88    14063.9
1088.74    14877.8
1087.6    15522.3
1086.47    16524.2
1085.33    17433.6
1084.19    18981
1083.05    20543.1
1081.91    21817.3
1080.77    23498.8
1079.63    24451.9
1078.48    25599.6
1077.34    26256.1
1076.2    26583.8
1075.06    27139.1
1073.92    26671.7
1072.78    25661.5
1071.63    24964.7
1070.49    23806.4
1069.35    22386.1
1068.21    21075.7
1067.06    19665.2
1065.92    18506.8
1064.78    17381.6
1063.63    16335.5
1062.49    15279
1061.34    14775.6
1060.2    14150.1
1059.06    13590.3
1057.91    12904.2
1056.76    12720.4
1055.62    12327.1
1054.47    12014.8
1053.33    11715.6
1052.18    11471.1
1051.04    11399
1049.89    11172.1
1048.74    11121.9
1047.59    11006.3
1046.45    10873.4
1045.3    10690.4
1044.15    10520.5
1043    10405.1
1041.86    10224.5
1040.71    10226.7
1039.56    10057.1
1038.41    10272.6
1037.26    9970.33
1036.11    10107.5
1034.96    9922.79
1033.81    9949.04
1032.66    9953.54
1031.51    10005.9
1030.36    10077.7
1029.21    9930.09
1028.06    9949.8
1026.91    9997.72
1025.76    10065.2
1024.6    10087
1023.45    9874.42
1022.3    10113.3
1021.15    10135.1
1020    10139.5
1018.84    10211.2
1017.69    10239.4
1016.54    10339.2
1015.38    10417.3
1014.23    10800.8
1013.07    10798.6
1011.92    10863.6
1010.77    10841.9
1009.61    10649.1
1008.46    10411
1007.3    10075.7
1006.15    10026
1004.99    9892
1003.83    9652.08
1002.68    9747.41
1001.52    9589.76
1000.36    9825.55
999.207    9987.77
998.05    9966.28
996.893    9996.64
995.735    9782.95
994.577    9552.08
993.419    9547.96
992.261    9511.47
991.102    9356.32
989.943    9343.61
988.784    9276.99
987.625    9130.6
986.465    9262.4
985.306    9195.83
984.146    9226.27
982.985    8963.66
981.825    8821.79
980.664    9056.89
979.503    8871.99
978.342    8975.67
977.181    8993.19
976.019    8900.96
974.857    8993.8
973.695    8940.32
972.532    9011.6
971.37    8874.28
970.207    9128.28
969.044    8874.92
967.88    9004.18
966.717    8839.04
965.553    8968.25
964.389    8959.95
963.225    8878.66
962.06    8979.87
960.895    9053.14
959.73    9087.75
958.565    8965.73
957.4    8970.32
956.234    8878.39
955.068    8915.15
953.902    9067.65
952.735    8995.05
951.568    8978.19
950.401    8753.53
949.234    8768.86
948.067    8756.34
946.899    8782.36
945.731    8658.53
944.563    8551.87
943.395    8552.24
942.226    8627.48
941.057    8621.41
939.888    8516.99
938.719    8455.36
937.549    8573.31
936.379    8453.99
935.209    8437.28
934.039    8529.52
932.868    8491.44
931.697    8487.55
930.526    8558.37
929.355    8417.86
928.183    8554.81
927.011    8427.16
925.839    8593.92
924.667    8564.41
923.495    8532.78
922.322    8322.1
921.149    8510.05
919.975    8457.14
918.802    8378.68
917.628    8445.1
916.454    8362.42
915.28    8377.71
914.105    8437.69
912.931    8493.39
911.756    8461.84
910.581    8404.76
909.405    8343.46
908.229    8318.33
907.053    8363.37
905.877    8493.4
904.701    8408.75
903.524    8540.85
902.347    8422.24
901.17    8348.27
899.992    8321.05
898.815    8395.73
897.637    8357.9
896.459    8235.2
895.28    8362.89
894.102    8488.4
892.923    8274.57
891.744    8332.2
890.564    8139.68
889.384    8311.76
888.205    8098.14
887.024    8151.52
885.844    8175.23
884.663    8023.17
883.482    8120.99
882.301    8119.29
881.12    8157.8
879.938    8058.77
878.756    8090.92
877.574    8002.51
876.392    8157.3
875.209    8290.88
874.026    8229.96
872.843    8006.37
871.66    8025.81
870.476    7910.07
869.292    8182.93
868.108    8069.31
866.924    8215.38
865.739    8230.53
864.554    8057.9
863.369    8182.77
862.184    8265.41
860.998    8177.22
859.813    8095.39
858.626    8390.88
857.44    8110.95
856.253    8164.02
855.067    8250.77
853.88    8396.45
852.692    8466.27
851.505    8546.58
850.317    8546.88
849.129    8509.31
847.94    8570.63
846.752    8756.02
845.563    8895.06
844.374    8914.21
843.184    8941.75
841.995    9156.32
840.805    8851.84
839.615    8864.67
838.424    8860.7
837.234    8552.26
836.043    8710
834.852    8502.48
833.66    8435.63
832.469    8314.26
831.277    8182.46
830.085    8077.97
828.892    8168.51
827.7    8154.21
826.507    8060.27
825.314    8073.23
824.12    7989.82
822.927    7914.82
821.733    7900.58
820.539    7919.85
819.344    7842.82
818.149    7845.34
816.955    7992.23
815.759    7959.15
814.564    7836.17
813.368    7882.6
812.172    7642.62
810.976    7850
809.78    7852.51
808.583    7796.53
807.386    7878.42
806.189    7659.57
804.991    7772.77
803.794    7852.53
802.596    7713.12
801.398    7738.61
800.199    7672.3
799    7651.9
797.801    7792.06
796.602    7696.59
795.403    7711.63
794.203    7666.23
793.003    7718.77
791.803    7521.33
790.602    7609.28
789.401    7528.54
788.2    7628.94
786.999    7660.61
785.798    7615.28
784.596    7468.04
783.394    7572.52
782.192    7452.39
780.989    7542.27
779.786    7600.94
778.583    7524.51
777.38    7539.52
776.176    7458.99
774.972    7461.55
773.768    7453.73
772.564    7578.76
771.359    7602.05
770.154    7540.25
768.949    7397.58
767.744    7528.74
766.538    7452.48
765.332    7666.49
764.126    7565.37
762.92    7433.2
761.713    7568.35
760.506    7419.66
759.299    7546.47
758.092    7439.27
756.884    7466.66
755.676    7438.15
754.468    7393.11
753.259    7408.08
752.05    7360.99
750.841    7351.14
749.632    7287.55
748.423    7348
747.213    7381.55
746.003    7278.73
744.793    7254.45
743.582    7083.55
742.371    7232.76
741.16    7202.31
739.949    7326.66
738.737    7318.9
737.525    7152.29
736.313    7222.95
735.101    7252.33
733.888    7273.45
732.675    7146.16
731.462    7140.5
730.249    7138.97
729.035    7228.07
727.821    7220.34
726.607    7249.67
725.393    7392.21
724.178    7390.63
722.963    7518.67
721.748    7471.8
720.532    7577.14
719.316    7849.01
718.1    7816.48
716.884    7971.01
715.668    8055.61
714.451    8047.71
713.234    7916.57
712.016    7859.42
710.799    7759.17
709.581    7628.17
708.363    7519.81
707.144    7436.11
705.926    7325.79
704.707    7398.04
703.488    7373.89
702.268    7300.55
701.049    7335.87
699.829    7354.78
698.608    7385.98
697.388    7351.61
696.167    7466.76
694.946    7532.72
693.725    7379.61
692.503    7603.14
691.282    7576.95
690.06    7728.74
688.837    7657.54
687.615    7670.2
686.392    7554.06
685.169    7607.61
683.945    7458.84
682.722    7444.97
681.498    7355.52
680.274    7227.32
679.049    7272.72
677.824    7120.09
676.599    7243.04
675.374    7151.7
674.149    7154.23
672.923    7036.43
671.697    7075.69
670.471    7084.36
669.244    7033.91
668.017    7022.19
666.79    7002.34
665.563    6929.53
664.335    6873.05
663.107    6843.06
661.879    6788.65
660.651    6715.95
659.422    6840.65
658.193    6904.26
656.964    6735.99
655.734    6783.33
654.505    6806.26
653.275    6831.21
652.044    6819.56
650.814    6811.99
649.583    6843.01
648.352    6874.02
647.121    6681.68
645.889    6633.55
644.657    6768.08
643.425    6788.93
642.192    6742.83
640.96    6658.21
639.727    6788.57
638.494    6803.31
637.26    6793.72
636.026    6855.07
634.792    7100.74
633.558    6874.37
632.323    7069.3
631.089    6956.41
629.853    6950.85
628.618    6866.37
627.382    6881.07
626.147    6903.84
624.91    6588.88
623.674    6817.94
622.437    6703.26
621.2    6754.35
619.963    6508.38
618.725    6638.28
617.488    6679.25
616.25    6603.08
615.011    6575.4
613.773    6491.21
612.534    6673.44
611.295    6623.56
610.055    6601.95
608.816    6509.76
607.576    6528.51
606.335    6587.56
605.095    6471.25
603.854    6606.85
602.613    6496.63
601.372    6577.79
600.13    6594.48
598.889    6607.14
597.646    6597.64
596.404    6511.69
595.161    6562.58
593.918    6398.23
592.675    6485.31
591.432    6497.97
590.188    6416.15
588.944    6505.18
587.7    6513.81
586.455    6474.22
585.21    6430.63
583.965    6513.56
582.72    6506.12
581.474    6460.54
580.228    6326.7
578.982    6415.59
577.736    6428.23
576.489    6434.85
575.242    6497.6
573.995    6506.2
572.747    6500.77
571.499    6543.43
570.251    6429.83
569.003    6578.62
567.754    6409
566.505    6519.69
565.256    6492.25
564.007    6428.8
562.757    6423.4
561.507    6451.99
560.257    6562.56
559.006    6575.11
557.755    6603.65
556.504    6516.29
555.253    6540.83
554.001    6575.35
552.749    6643.81
551.497    6592.44
550.245    6814.55
548.992    6747.21
547.739    6733.76
546.486    6859.95
545.232    6928.25
543.978    6701.42
542.724    6899.3
541.47    6901.77
540.215    7055.68
538.96    7195.57
537.705    6947.03
536.449    7170.52
535.194    7230.66
533.938    7342.53
532.681    7597.62
531.425    7474.6
530.168    7651.97
528.911    7761.66
527.653    8018.42
526.396    7913.3
525.138    8136.13
523.879    8289.33
522.621    8184.21
521.362    8063.25
520.103    8115.09
518.844    8117.28
517.584    7899.17
516.324    7925.21
515.064    7784.61
513.803    7644.06
512.543    7549.18
511.282    7497.96
510.02    7355.58
508.759    7334.15
507.497    7191.87
506.235    7317.06
504.973    7168.91
503.71    6886.18
502.447    6940.1
501.184    6833.68
499.92    6855.92
498.656    6713.97
497.392    6775.78
496.128    6620.06
494.863    6630.46
