1633.29    24803.7
1632.29    24993.9
1631.29    24991.4
1630.29    25093.9
1629.29    25068.9
1628.29    25148.9
1627.29    25288.8
1626.29    25088.8
1625.29    25123.8
1624.28    25278.6
1623.28    25628.2
1622.28    25473.2
1621.28    25917.5
1620.28    26002.2
1619.28    25914.6
1618.28    26188.8
1617.27    26270.9
1616.27    26173.3
1615.27    26210.5
1614.27    26706.3
1613.26    26484.1
1612.26    26670.6
1611.26    26979.2
1610.25    27138.2
1609.25    27175.1
1608.24    27418.6
1607.24    27858.7
1606.24    28226.4
1605.23    28788.1
1604.23    29451.5
1603.22    30236.6
1602.22    31682.8
1601.21    33730.2
1600.2    35602.7
1599.2    38098.3
1598.19    41154.5
1597.19    44977.1
1596.18    49568.2
1595.17    53213.7
1594.17    57111
1593.16    61153.2
1592.15    64037.2
1591.14    65617.3
1590.14    66234.2
1589.13    65618.1
1588.12    64005.3
1587.11    61882.5
1586.1    59482.8
1585.09    56923
1584.09    53524.3
1583.08    50610
1582.07    47347.6
1581.06    44985.5
1580.05    42574.8
1579.04    40125.5
1578.03    38132.6
1577.02    36236.9
1576.01    34688.4
1575    33175.1
1573.99    31951.7
1572.97    30753.5
1571.96    30230.7
1570.95    29374.4
1569.94    28503.7
1568.93    28354.6
1567.91    27637.5
1566.9    27520.8
1565.89    27070.8
1564.88    27092.5
1563.86    26566.2
1562.85    26084.6
1561.84    26350.7
1560.82    25797.8
1559.81    25787.6
1558.8    25991.9
1557.78    26063.1
1556.77    26033.1
1555.75    25648.4
1554.74    25702.3
1553.72    25637.9
1552.71    25531.7
1551.69    25676.7
1550.68    25326.9
1549.66    25809
1548.64    25323.9
1547.63    25567.2
1546.61    25180.8
1545.59    25382.2
1544.58    25332.8
1543.56    25440.7
1542.54    24877.7
1541.52    25191.9
1540.51    24818.4
1539.49    25041.7
1538.47    24867.1
1537.45    25186.1
1536.43    25104.8
1535.42    24947.6
1534.4    24915.5
1533.38    25067.3
1532.36    24731.2
1531.34    24990.9
1530.32    24738.2
1529.3    24453.7
1528.28    24897.1
1527.26    24720.5
1526.24    24651.8
1525.22    24874.4
1524.19    24543.7
1523.17    24646.4
1522.15    24293.8
1521.13    24457.6
1520.11    24562.7
1519.09    24834
1518.06    24736
1517.04    24672.2
1516.02    24535.2
1514.99    24378.6
1513.97    24488.4
1512.95    24774.1
1511.92    24456.4
1510.9    24541.7
1509.88    24519.5
1508.85    24433.9
1507.83    24302
1506.8    24265.3
1505.78    24545.6
1504.75    24586.9
1503.73    24511.1
1502.7    24635.3
1501.68    24364.5
1500.65    24751.8
1499.62    24661.4
1498.6    24712.3
1497.57    24858.2
1496.54    25398.4
1495.52    25449.2
1494.49    25638.6
1493.46    25604.1
1492.43    26333.5
1491.41    26276.9
1490.38    27025.3
1489.35    27114.5
1488.32    27478.4
1487.29    27625.8
1486.26    27452.4
1485.23    27371.4
1484.21    27137.4
1483.18    26745.7
1482.15    26378.5
1481.12    26268.6
1480.09    26073.9
1479.05    25796.8
1478.02    25556.1
1476.99    25361.6
1475.96    25206
1474.93    24863.9
1473.9    25093.8
1472.87    24839
1471.84    24756.3
1470.8    24891.6
1469.77    24762.9
1468.74    24631.9
1467.71    24549.3
1466.67    24636.1
1465.64    24768.9
1464.61    24783.1
1463.57    24707.8
1462.54    24751
1461.5    24617.7
1460.47    24769.7
1459.44    24655.8
1458.4    24454.9
1457.37    24780.7
1456.33    24534.1
1455.3    24533.8
1454.26    24579.3
1453.22    24412.5
1452.19    24612.5
1451.15    24491.5
1450.11    24462.3
1449.08    24577.7
1448.04    24659.4
1447    24675.9
1445.97    24743
1444.93    24631.8
1443.89    24527.9
1442.85    24481.8
1441.82    24462.2
1440.78    24839.9
1439.74    24478.4
1438.7    24555.1
1437.66    24665.5
1436.62    24881.6
1435.58    25097.6
1434.54    24686
1433.5    25022.1
1432.46    25072.2
1431.42    24855.4
1430.38    24871.8
1429.34    24873.8
1428.3    24681.3
1427.26    25065
1426.22    25088.5
1425.17    25073.6
1424.13    25193.1
1423.09    25118.2
1422.05    25151.3
1421    25129.2
1419.96    25155.1
1418.92    25276.8
1417.88    25305
1416.83    25527.3
1415.79    25538.7
1414.74    25514.1
1413.7    25542.2
1412.66    25903.1
1411.61    25801.9
1410.57    25834.7
1409.52    26054.1
1408.48    26153.8
1407.43    26282.2
1406.38    26417.7
1405.34    26450.3
1404.29    26590.5
1403.25    27313.6
1402.2    27338.8
1401.15    27815.5
1400.11    27945.7
1399.06    28254.8
1398.01    28800.2
1396.96    28622.3
1395.92    28933.5
1394.87    29196.9
1393.82    29302.7
1392.77    29372.8
1391.72    29736
1390.67    29677.3
1389.62    29701.9
1388.57    30107.7
1387.52    30263.3
1386.47    30630.6
1385.42    30571.8
1384.37    30689
1383.32    30613.5
1382.27    30980.4
1381.22    30633.7
1380.17    30653.3
1379.12    30454.2
1378.07    30440.6
1377.01    29994.4
1375.96    30258.9
1374.91    30416.3
1373.86    30395.6
1372.8    30581.4
1371.75    30195.1
1370.7    29851.6
1369.64    29928.2
1368.59    29874.4
1367.54    30000.8
1366.48    29700.3
1365.43    29397.6
1364.37    29464.8
1363.32    29688.4
1362.26    29371.6
1361.21    28725.7
1360.15    28802.4
1359.1    28623.4
1358.04    28382.9
1356.99    27778
1355.93    28008.6
1354.87    27952.9
1353.81    27313
1352.76    27077.8
1351.7    26634.5
1350.64    26645.4
1349.59    26379.7
1348.53    26418.9
1347.47    26193.5
1346.41    26055.6
1345.35    25896.5
1344.29    25657.2
1343.23    25359
1342.17    25627.3
1341.11    25352.8
1340.05    24925.1
1338.99    24988.1
1337.93    24968.6
1336.87    24814.7
1335.81    24795.2
1334.75    24617.8
1333.69    24718.5
1332.63    24684.9
1331.57    24616
1330.51    23972.7
1329.44    24219.4
1328.38    24136.5
1327.32    24013.6
1326.26    24034.3
1325.19    23960.9
1324.13    24214.3
1323.07    24232.6
1322    23693.9
1320.94    24083.5
1319.87    23833.9
1318.81    23774.8
1317.74    23786
1316.68    23797.3
1315.61    23686.5
1314.55    23688.4
1313.48    23673.9
1312.42    23840
1311.35    23628.4
1310.28    23349
1309.22    23597.1
1308.15    23397.4
1307.08    23312.7
1306.02    23534.8
1304.95    23328.3
1303.88    23468.4
1302.81    23470.3
1301.75    23313
1300.68    23581.7
1299.61    23316.9
1298.54    23279.1
1297.47    23194.5
1296.4    23495.7
1295.33    23238.1
1294.26    23130.2
1293.19    23258.4
1292.12    23309.3
1291.05    23091.7
1289.98    23191.8
1288.91    23172.7
1287.84    23233
1286.77    23463.5
1285.69    22891.5
1284.62    23210.7
1283.55    23098.4
1282.48    22869.5
1281.41    22785.3
1280.33    22815.2
1279.26    23136.4
1278.19    22816.9
1277.11    23086.6
1276.04    22865
1274.97    22762.3
1273.89    22633.9
1272.82    22901.2
1271.74    22656.6
1270.67    22607.4
1269.59    22430.4
1268.52    22664.9
1267.44    22718
1266.36    22524.8
1265.29    22315.4
1264.21    22705.3
1263.14    22565.6
1262.06    22437.6
1260.98    22506.9
1259.9    22223.5
1258.83    22360.1
1257.75    22343.6
1256.67    22637.8
1255.59    22405.6
1254.51    22148
1253.43    22509.3
1252.36    22291.2
1251.28    22195.9
1250.2    22142.4
1249.12    22394.5
1248.04    22334
1246.96    22097.6
1245.88    22092.7
1244.8    21842.6
1243.72    22008.9
1242.63    22135.8
1241.55    22184.1
1240.47    21811.7
1239.39    21735.2
1238.31    21788.2
1237.22    21834.1
1236.14    21803.9
1235.06    21766.7
1233.98    21448
1232.89    21664.8
1231.81    21521.5
1230.73    21542.1
1229.64    21691.8
1228.56    21583.2
1227.47    21596.9
1226.39    21472.2
1225.3    21518.2
1224.22    21375.2
1223.13    21506.3
1222.05    21232.1
1220.96    21568.1
1219.87    21374.5
1218.79    21192.6
1217.7    21411
1216.61    21433.8
1215.53    21334.8
1214.44    21458.7
1213.35    21237.9
1212.26    21093
1211.18    21471.9
1210.09    21313.2
1209    21404.9
1207.91    21177.4
1206.82    21243.9
1205.73    21408.9
1204.64    21512
1203.55    21151.6
1202.46    21394.6
1201.37    21378.3
1200.28    21343.7
1199.19    21703.3
1198.1    21405.2
1197.01    22034.9
1195.92    22169.7
1194.82    22347.9
1193.73    22814.4
1192.64    23365.5
1191.55    23930
1190.45    24636.1
1189.36    24577.9
1188.27    25317.9
1187.17    25458.5
1186.08    25608.2
1184.99    25211.7
1183.89    25087.2
1182.8    24741.2
1181.7    24386.2
1180.61    23931
1179.51    23685.9
1178.42    23358.8
1177.32    23002.2
1176.22    22648
1175.13    22485.6
1174.03    22124.8
1172.94    21912.4
1171.84    21807.2
1170.74    21590.3
1169.64    21207.3
1168.55    21161.5
1167.45    21334.3
1166.35    21270.3
1165.25    21037.9
1164.15    21187.9
1163.05    21169.4
1161.95    20950.9
1160.85    20971.1
1159.76    21073.2
1158.66    21136.6
1157.55    21513.6
1156.45    21192.9
1155.35    21585.6
1154.25    21587.5
1153.15    21646.2
1152.05    22104.2
1150.95    22233.1
1149.85    22527.5
1148.74    22706.1
1147.64    23136.3
1146.54    23536.9
1145.44    23490.7
1144.33    23888.7
1143.23    23572.9
1142.13    23667.2
1141.02    23344.8
1139.92    22766.7
1138.81    22707.2
1137.71    22118.1
1136.6    21676.4
1135.5    21544.8
1134.39    21309.2
1133.29    21107.7
1132.18    20926.5
1131.07    20826.9
1129.97    20944.1
1128.86    20851.2
1127.75    20988.7
1126.65    20771.7
1125.54    21001.7
1124.43    21303.8
1123.32    20942.4
1122.21    21373
1121.11    21422.2
1120    20988.9
1118.89    21304.2
1117.78    21448.1
1116.67    21594.1
1115.56    21742.3
1114.45    21708.1
1113.34    21811.2
1112.23    21866.9
1111.12    22174.7
1110.01    22158.4
1108.9    22459.2
1107.78    22573.3
1106.67    22721
1105.56    23282.2
1104.45    23636.5
1103.33    24195
1102.22    24665.7
1101.11    25614.5
1100    26675.1
1098.88    27553.5
1097.77    28797.2
1096.65    30087.5
1095.54    31772
1094.42    33754
1093.31    35302.4
1092.19    37417.2
1091.08    39593.7
1089.96    42403.4
1088.85    43813.9
1087.73    46370.5
1086.61    48319
1085.5    50331.6
1084.38    51917.9
1083.26    52801
1082.15    53415.1
1081.03    53333.4
1079.91    53658.7
1078.79    52488.3
1077.67    50965.2
1076.55    49523.3
1075.44    46797.5
1074.32    44758.7
1073.2    42012.9
1072.08    39639
1070.96    37281.8
1069.84    35262.7
1068.72    33389.5
1067.59    32065.8
1066.47    30753.9
1065.35    29877.3
1064.23    28450.6
1063.11    27403.4
1061.99    26401.2
1060.86    25938.5
1059.74    25244.4
1058.62    24853.3
1057.49    24095.3
1056.37    23611.2
1055.25    23131.9
1054.12    22870.7
1053    22514
1051.87    22448.7
1050.75    22379
1049.62    21665
1048.5    21464.4
1047.37    21401.7
1046.25    21154.6
1045.12    21316.2
1044    20791.8
1042.87    20984.4
1041.74    20797.6
1040.61    20369.1
1039.49    20783.4
1038.36    20441.6
1037.23    20439
1036.1    20491.8
1034.97    20320.9
1033.85    20378.1
1032.72    20287
1031.59    20322.1
1030.46    20308.4
1029.33    20370
1028.2    20582
1027.07    20696.6
1025.94    20632.1
1024.81    20682.5
1023.67    20489.8
1022.54    20396.5
1021.41    20734.1
1020.28    21171
1019.15    21536.9
1018.01    21781.3
1016.88    22080.7
1015.75    22212.3
1014.62    21814.4
1013.48    21182.9
1012.35    20730.3
1011.21    20249.3
1010.08    19876.5
1008.95    19543.5
1007.81    19397.9
1006.68    19673
1005.54    19765.2
1004.4    19980.6
1003.27    19991.3
1002.13    19819.4
1001    19739.9
999.858    19348.2
998.721    19062.1
997.584    19198.3
996.446    18789.4
995.308    18951.9
994.17    18923.3
993.032    18813.3
991.893    18811.1
990.754    18602.5
989.615    19012.8
988.476    18630.9
987.336    18907.3
986.196    18378.7
985.055    18490.5
983.915    18516.8
982.774    18788.5
981.633    18593.4
980.491    18615.2
979.35    18715.9
978.208    18503.5
977.066    18702.6
975.923    18514.3
974.78    18785.6
973.637    18324
972.494    18606.1
971.35    18700
970.206    18431.1
969.062    18407
967.918    18551.1
966.773    18714.9
965.628    18465.8
964.483    18382.8
963.338    18214.8
962.192    18245.3
961.046    18485.2
959.899    18520.1
958.753    18321.6
957.606    18443.6
956.459    18546
955.311    18210.4
954.164    18221.2
953.016    18436.8
951.867    18602.2
950.719    18186.3
949.57    18401.8
948.421    18010.1
947.272    17979.7
946.122    18003.6
944.972    18188.4
943.822    18097.1
942.672    18014.5
941.521    18436
940.37    18192.6
939.218    18071
938.067    18105.7
936.915    18159.9
935.763    18127.3
934.611    18257.5
933.458    17838.8
932.305    18155.4
931.152    17927.8
929.998    17934.3
928.844    17901.8
927.69    18198.5
926.536    17927.8
925.381    18122.6
924.226    17802.2
923.071    18023
921.916    17830.4
920.76    17689.8
919.604    17899.6
918.448    17679
917.291    17854.2
916.134    17743.9
914.977    17819.6
913.82    17644.6
912.662    17672.7
911.504    17500
910.346    17685.7
909.187    17655.5
908.028    17666.3
906.869    17565
905.71    17677.2
904.55    17754.8
903.39    17670.7
902.23    17761.2
901.069    17739.7
899.908    17457.5
898.747    17728.9
897.586    17535.1
896.424    17750.3
895.262    17692.2
894.1    17552.4
892.937    17707.3
891.775    17788.9
890.612    17801.8
889.448    17769.5
888.285    17741.5
887.121    17634.1
885.956    17812.3
884.792    17722.1
883.627    17722
882.462    17863.6
881.297    17762.7
880.131    17938.5
878.965    17631.8
877.799    17535.3
876.632    17571.7
875.466    17882.4
874.298    17554.5
873.131    17937.8
871.963    18046.9
870.796    17744.9
869.627    17834.7
868.459    17582.2
867.29    17941.5
866.121    17943.5
864.952    17928.4
863.782    17947.5
862.612    18270
861.442    18470.6
860.271    18427.6
859.1    18532
857.929    18514.6
856.758    18911.3
855.586    19113.6
854.414    19164.3
853.242    19665
852.069    19621.8
850.897    20254.3
849.723    20833.2
848.55    21117.8
847.376    21472.6
846.202    21733.4
845.028    21887.7
843.853    21503.5
842.679    21462
841.503    21173.7
840.328    20679.3
839.152    20387.1
837.976    19791.1
836.8    19531.2
835.623    18971.8
834.446    18735.5
833.269    18595
832.092    18516
830.914    18460.5
829.736    18502.6
828.557    18088.6
827.379    18069.2
826.2    17865.4
825.021    17990.3
823.841    17816.2
822.661    18055.5
821.481    17822.2
820.301    17707.6
819.12    17665.1
817.939    17817.4
816.758    17776.9
815.576    17867.7
814.394    17749.1
813.212    17590.3
812.029    17659.9
810.847    17792.8
809.664    17446.1
808.48    17441.7
807.297    17536.6
806.113    17257.7
804.928    17542.6
803.744    17352.5
802.559    17419.9
801.374    17400.8
800.188    17601
799.003    17145.4
797.817    17406.7
796.63    17568.8
795.444    17497
794.257    17378.9
793.069    17540.9
791.882    17347
790.694    17578.4
789.506    17449.8
788.318    17474.9
787.129    16984.7
785.94    17396.7
784.75    17421.8
783.561    17278.7
782.371    17331.1
781.181    17488.5
779.99    17148.1
778.799    17609.8
777.608    17313.7
776.417    17386.9
775.225    17388.9
774.033    17665.5
772.841    17747
771.648    17570.7
770.455    17597.7
769.262    17526.2
768.069    17117.5
766.875    17100.6
765.681    17251.2
764.486    17299.2
763.292    17177.6
762.097    17112.6
760.901    17317.4
759.706    16984.8
758.51    16712.9
757.313    17197.7
756.117    16948.9
754.92    17161.8
753.723    16871.4
752.525    16885.9
751.328    17130
750.13    17075.6
748.931    17081.7
747.733    17056.5
746.534    16960.4
745.334    17070.8
744.135    17087.3
742.935    17099.6
741.735    17180.7
740.534    17134.6
739.333    17224
738.132    17246.6
736.931    17244.3
735.729    17100.6
734.527    17212.7
733.325    17397.5
732.122    17434.7
730.919    17455.2
729.716    17463.2
728.512    17928.2
727.309    17805.2
726.104    18436
724.9    18665.8
723.695    19262.8
722.49    19542.1
721.285    19929.1
720.079    20006.9
718.873    20173.9
717.667    19416.4
716.46    19405.2
715.253    18998.4
714.046    18480
712.838    17995
711.63    17806.1
710.422    17480.8
709.214    17331.6
708.005    17440.9
706.796    17273
705.586    17212.8
704.377    17169.1
703.167    17220.5
701.956    17181
700.746    17240.6
699.535    17469.4
698.323    17576.4
697.112    17357.3
695.9    17464.2
694.688    17472.1
693.475    17572.7
692.262    17642.4
691.049    17563.7
689.836    17309.9
688.622    17218.9
687.408    17125.9
686.193    16950.6
684.979    16966.8
683.764    16758.8
682.548    16941.6
681.333    16912.6
680.117    16900
678.9    16749.7
677.684    16644.7
676.467    16644.5
675.25    16636.1
674.032    16613.3
672.814    16615.1
671.596    16483.6
670.377    16487.5
669.159    16352
667.939    16399
666.72    16359.9
665.5    16390.5
664.28    16298.2
663.06    16332.8
661.839    16383.9
660.618    16303.9
659.397    16350.8
658.175    16244.3
656.953    16143.9
655.731    16336
654.508    16290.9
653.285    16184.4
652.062    16480.7
650.838    16308.8
649.615    16300.5
648.39    16190.1
647.166    16261.4
645.941    16469.4
644.716    16332.5
643.49    16222.2
642.265    16266.9
641.038    16270.8
639.812    16633.5
638.585    16790.1
637.358    16659.4
636.131    16730.4
634.903    16770.8
633.675    16689.1
632.447    16713.2
631.218    16635.6
629.989    16492.9
628.759    16478.4
627.53    16189.5
626.3    16601.9
625.07    16280.6
623.839    16436.8
622.608    16194.9
621.377    16340.9
620.145    16462.4
618.913    16419.6
617.681    16338.2
616.448    16415
615.216    16329.6
613.982    16669.9
612.749    16250.1
611.515    16191.1
610.281    16326.6
609.046    16265.6
607.811    16368.6
606.576    16188.2
605.341    16416.7
604.105    16426.5
602.869    16369.6
601.632    16397.6
600.396    16332.7
599.158    16548.6
597.921    16406.9
596.683    16447
595.445    16582
594.207    16527.1
592.968    16450.1
591.729    16494.2
590.49    16604.8
589.25    16590.3
588.01    16557.7
586.769    16956.4
585.529    17040.6
584.288    17066.3
583.046    17051.7
581.805    16926.4
580.563    17105.1
579.32    17036.2
578.077    17079.9
576.834    17224.2
575.591    17306.1
574.347    17536.7
573.103    17503.9
571.859    17549.5
570.614    17601.1
569.369    17546.2
568.124    17736.3
566.878    17727.5
565.632    17606.4
564.386    17655.9
563.139    17360.4
561.892    17414
560.645    17607.7
559.397    17629.1
558.15    17754.6
556.901    17663.8
555.653    17819.2
554.404    17912.6
553.154    17723.7
551.905    17971
550.655    18104.2
549.404    18265.3
548.154    18234.5
546.903    18273.6
545.651    18634.3
544.4    18545.4
543.148    18626.3
541.895    18840.9
540.643    19271
539.39    19611
538.136    19551.9
536.883    19776
535.629    20257.1
534.374    20383.2
533.12    20682.6
531.865    20820.5
530.609    20793
529.354    20910.9
528.098    20976.9
526.841    21247.9
525.585    20957.7
524.327    20872.5
523.07    20632.3
521.812    20406.1
520.554    19991.2
519.296    19781.2
518.037    19472
516.778    18581.2
515.519    18653.6
514.259    18446.2
512.999    18147.6
511.738    17999.9
510.478    17907.8
509.217    17690.8
507.955    17529.5
506.693    17354.3
505.431    17088.2
504.169    17127.2
502.906    17011.7
