1652.79    5044.31
1651.76    5261.53
1650.72    5125.54
1649.68    5267.06
1648.65    5217.95
1647.61    5296.7
1646.57    5266.9
1645.54    5280.51
1644.5    5233.84
1643.46    5305.3
1642.43    5391.19
1641.39    5313.2
1640.35    5293.06
1639.31    5390.96
1638.27    5274.47
1637.24    5442.17
1636.2    5279.97
1635.16    5223.74
1634.12    5285.46
1633.08    5318.28
1632.04    5295.76
1631    5412.77
1629.96    5488.85
1628.92    5475.92
1627.88    5357.2
1626.85    5519.8
1625.8    5324.19
1624.76    5368.98
1623.72    5481.03
1622.68    5412.86
1621.64    5402.35
1620.6    5605.61
1619.56    5496.62
1618.52    5498.12
1617.48    5696.45
1616.44    5544.3
1615.39    5620.18
1614.35    5573.66
1613.31    5608.72
1612.27    5588.6
1611.23    5697.99
1610.18    5735.41
1609.14    5806.38
1608.1    5944.44
1607.05    5821.23
1606.01    6031.12
1604.97    5989.39
1603.92    6194.4
1602.88    6140.68
1601.84    6302.49
1600.79    6416.36
1599.75    6661.85
1598.7    6837.84
1597.66    7032.93
1596.61    7366.71
1595.57    7796.07
1594.52    8263.56
1593.48    8986.76
1592.43    9814.92
1591.39    10661.9
1590.34    11621
1589.29    12517.6
1588.25    13373.3
1587.2    13942
1586.15    14099.7
1585.11    13643.6
1584.06    13643.7
1583.01    13111.4
1581.97    12531.6
1580.92    11796.8
1579.87    11107.6
1578.82    10607.1
1577.78    9927.85
1576.73    9151.07
1575.68    8570.08
1574.63    8087.04
1573.58    7782.94
1572.53    7416.97
1571.48    6917.69
1570.43    6721.15
1569.38    6467.51
1568.33    6428.3
1567.28    6386.73
1566.23    6126.13
1565.18    6082.25
1564.13    5912.23
1563.08    5830.31
1562.03    5781.74
1560.98    5816.44
1559.93    5951.03
1558.88    5795.44
1557.83    5658.93
1556.78    5819.62
1555.72    5851.91
1554.67    5729.71
1553.62    5683.59
1552.57    5780.03
1551.52    5674.53
1550.46    5685.44
1549.41    5523
1548.36    5612.27
1547.3    5654.04
1546.25    5527.29
1545.2    5566.69
1544.14    5632.16
1543.09    5531.57
1542.04    5499.8
1540.98    5643.5
1539.93    5614.08
1538.87    5532.53
1537.82    5560.02
1536.76    5390.82
1535.71    5434.91
1534.65    5502.67
1533.6    5362
1532.54    5460.53
1531.48    5348.31
1530.43    5269.28
1529.37    5483.74
1528.31    5461.5
1527.26    5290.22
1526.2    5343.71
1525.14    5330.96
1524.09    5363.15
1523.03    5192
1521.97    5328.2
1520.91    5353.28
1519.86    5314.55
1518.8    5297.09
1517.74    5348.14
1516.68    5323.6
1515.62    5136.12
1514.56    5248.56
1513.51    5330.28
1512.45    5475.68
1511.39    5382.7
1510.33    5174.14
1509.27    5215.71
1508.21    5264.33
1507.15    5452.07
1506.09    5286.08
1505.03    5271.01
1503.97    5260.67
1502.9    5278.6
1501.84    5195.22
1500.78    5180.18
1499.72    5198.12
1498.66    5371.48
1497.6    5297.55
1496.54    5280.15
1495.47    5182.72
1494.41    5311.25
1493.35    5357.38
1492.29    5445.83
1491.22    5270.83
1490.16    5425.11
1489.1    5391.24
1488.03    5679.44
1486.97    5737.21
1485.91    5611.65
1484.84    5831.52
1483.78    5769.42
1482.71    5650.98
1481.65    5687.56
1480.58    5618.47
1479.52    5549.4
1478.45    5407.6
1477.39    5512.25
1476.32    5241.46
1475.26    5336.72
1474.19    5234.93
1473.12    5367.67
1472.06    5216.67
1470.99    5250.91
1469.92    5153.89
1468.86    5167.04
1467.79    5309.04
1466.72    5254.23
1465.66    5101.06
1464.59    5081.43
1463.52    5274.85
1462.45    5182.63
1461.38    5228.52
1460.32    5396.07
1459.25    5259.42
1458.18    5111.12
1457.11    5213.11
1456.04    5153.73
1454.97    5255.68
1453.9    5189.3
1452.83    5155.66
1451.76    5248.21
1450.69    5125.79
1449.62    5227.65
1448.55    5261.75
1447.48    5183.76
1446.41    5255.21
1445.34    5258.94
1444.27    5421.37
1443.2    5163.73
1442.12    5242.13
1441.05    5306.5
1439.98    5429.16
1438.91    5274.29
1437.84    5219.73
1436.76    5538.12
1435.69    5530.14
1434.62    5214.6
1433.55    5388.38
1432.47    5298.91
1431.4    5407.41
1430.32    5441.37
1429.25    5216.91
1428.18    5313.73
1427.1    5429.13
1426.03    5388.6
1424.95    5387.63
1423.88    5540.17
1422.8    5471.73
1421.73    5487.02
1420.65    5495.33
1419.58    5540.83
1418.5    5374.84
1417.42    5397.1
1416.35    5317.15
1415.27    5585.6
1414.2    5487.07
1413.12    5530.19
1412.04    5459.55
1410.96    5528.19
1409.89    5559.67
1408.81    5625.95
1407.73    5564.62
1406.65    5670.29
1405.58    5752.74
1404.5    5744.74
1403.42    5727.48
1402.34    5946.6
1401.26    6005.76
1400.18    6213.17
1399.1    6191.19
1398.02    6308.17
1396.94    6376.49
1395.86    6602.19
1394.78    6651.91
1393.7    6539.62
1392.62    6603.21
1391.54    6773.19
1390.46    6748.83
1389.38    6784.6
1388.3    6859.66
1387.22    6920.82
1386.13    7129.87
1385.05    6955.26
1383.97    6926.27
1382.89    7102.86
1381.81    6983.78
1380.72    6883.22
1379.64    7006.62
1378.56    6878.39
1377.47    6847.13
1376.39    6783.58
1375.31    6773.11
1374.22    6852.59
1373.14    6950.5
1372.05    6707.13
1370.97    6715.12
1369.89    6974.33
1368.8    6850.92
1367.72    6759.8
1366.63    6645.69
1365.54    6563.86
1364.46    6514.29
1363.37    6430.21
1362.29    6504.99
1361.2    6628.07
1360.11    6557.82
1359.03    6425.48
1357.94    6286.28
1356.85    6354.11
1355.77    6359.84
1354.68    6259.81
1353.59    6300.03
1352.5    6115.03
1351.41    6038.07
1350.33    5986.42
1349.24    6008.28
1348.15    5814.28
1347.06    5707.59
1345.97    5830.49
1344.88    5659.58
1343.79    5789.32
1342.7    5597.83
1341.61    5709.18
1340.52    5595.75
1339.43    5466.31
1338.34    5612.01
1337.25    5363.43
1336.16    5321.18
1335.07    5299.57
1333.98    5298.59
1332.89    5260.95
1331.79    5459.2
1330.7    5357.44
1329.61    5274.04
1328.52    5266.19
1327.43    5306.4
1326.33    5227.62
1325.24    5130.58
1324.15    5134.19
1323.05    4966.32
1321.96    5230.58
1320.87    5254.74
1319.77    5132.64
1318.68    5111.12
1317.58    5098.74
1316.49    5207.42
1315.39    5124.24
1314.3    5123.28
1313.2    5129.17
1312.11    5107.66
1311.01    4946.98
1309.92    5308.79
1308.82    5207.43
1307.72    5037.7
1306.63    5125.68
1305.53    5220.46
1304.43    5157.94
1303.34    4945.04
1302.24    5187.9
1301.14    5164.14
1300.05    4953.64
1298.95    5125.76
1297.85    5029.18
1296.75    4955.39
1295.65    5147.9
1294.55    5142.38
1293.45    5036.76
1292.36    4767.42
1291.26    4932.53
1290.16    4942.96
1289.06    5089.79
1287.96    5132.01
1286.86    5194.67
1285.76    5114.17
1284.66    5254.04
1283.56    5073.63
1282.45    5181.66
1281.35    5044.46
1280.25    5261.41
1279.15    5167.37
1278.05    5132.35
1276.95    5090.55
1275.84    5128.14
1274.74    5000.18
1273.64    5101.25
1272.54    5206.82
1271.43    5053.99
1270.33    5159.52
1269.23    4954.65
1268.12    4906.14
1267.02    4918.79
1265.91    4976.73
1264.81    4964.46
1263.71    5001.99
1262.6    5046.3
1261.5    4898.27
1260.39    4836.26
1259.28    4932.59
1258.18    4895.47
1257.07    4799.59
1255.97    4986.28
1254.86    4897.19
1253.75    4916.59
1252.65    4965.35
1251.54    4986.98
1250.43    4870.86
1249.33    4865.42
1248.22    4961.55
1247.11    4872.58
1246    4826.52
1244.9    4866.2
1243.79    4759.26
1242.68    4859.83
1241.57    4840.86
1240.46    4799.35
1239.35    4780.4
1238.24    4820.04
1237.13    4758.29
1236.02    4851.98
1234.91    4765.46
1233.8    4773.56
1232.69    4698.35
1231.58    4843.74
1230.47    4872.07
1229.36    4812.63
1228.25    4764.46
1227.14    4624.1
1226.02    4688.42
1224.91    4685.27
1223.8    4830.47
1222.69    4852.01
1221.58    4698.29
1220.46    4764.77
1219.35    4795.3
1218.24    4695.57
1217.12    4770.99
1216.01    4819.46
1214.89    4681.62
1213.78    4687.45
1212.67    4713.46
1211.55    4811.24
1210.44    4734.06
1209.32    4706.24
1208.21    4718.78
1207.09    4619.25
1205.98    4678.85
1204.86    4689.15
1203.74    4681.52
1202.63    4689.57
1201.51    4746.87
1200.39    4725.8
1199.28    4621.93
1198.16    4618.79
1197.04    4658.16
1195.92    4639.36
1194.81    4721.21
1193.69    4624.14
1192.57    4676.9
1191.45    4854.8
1190.33    4822.57
1189.21    4823.86
1188.1    4945.78
1186.98    4987.25
1185.86    5173.85
1184.74    5322.43
1183.62    5482.1
1182.5    5753.3
1181.38    5778.95
1180.26    5813.51
1179.13    5553.65
1178.01    5552.56
1176.89    5422.17
1175.77    5450.08
1174.65    5275.18
1173.53    5193.94
1172.4    5208.51
1171.28    5091.67
1170.16    4972.65
1169.04    4982.81
1167.91    4783.71
1166.79    4720.46
1165.67    4726.21
1164.54    4745.3
1163.42    4561.98
1162.29    4656.71
1161.17    4549.07
1160.05    4572.63
1158.92    4469.49
1157.8    4457.51
1156.67    4472.18
1155.55    4400.22
1154.42    4505.95
1153.29    4518.39
1152.17    4493.08
1151.04    4496.63
1149.91    4666.61
1148.79    4572.51
1147.66    4598.23
1146.53    4610.63
1145.41    4762.71
1144.28    4670.88
1143.15    4734.23
1142.02    4899.49
1140.89    4980.5
1139.76    4890.91
1138.64    4830.15
1137.51    4897.83
1136.38    4854.8
1135.25    4800.72
1134.12    4740.02
1132.99    4783.33
1131.86    4545.7
1130.73    4757.11
1129.6    4541.69
1128.47    4430.25
1127.33    4500.1
1126.2    4530.15
1125.07    4449.71
1123.94    4404.65
1122.81    4534.08
1121.68    4517.72
1120.54    4419.69
1119.41    4538
1118.28    4486.34
1117.15    4434.7
1116.01    4563.97
1114.88    4567.47
1113.74    4597.43
1112.61    4545.81
1111.48    4569.15
1110.34    4548.41
1109.21    4454.96
1108.07    4645.72
1106.94    4607.35
1105.8    4500.74
1104.67    4572.49
1103.53    4589.19
1102.39    4550.86
1101.26    4708.37
1100.12    4698.63
1098.98    4915.42
1097.85    4978.2
1096.71    4878.28
1095.57    4954.23
1094.44    5153.22
1093.3    5209.31
1092.16    5410.36
1091.02    5620.11
1089.88    5838.56
1088.74    5999.85
1087.6    6316.91
1086.47    6478.03
1085.33    6821.19
1084.19    7076.47
1083.05    7546.58
1081.91    7766.52
1080.77    8236.3
1079.63    8686.16
1078.48    8872.87
1077.34    9164.68
1076.2    9250.45
1075.06    9351.53
1073.92    9255.49
1072.78    9021.58
1071.63    8754.93
1070.49    8663.45
1069.35    8108.18
1068.21    7614.38
1067.06    7260.74
1065.92    6778.24
1064.78    6492.68
1063.63    6152.6
1062.49    5768.95
1061.34    5442.25
1060.2    5360.33
1059.06    5123.39
1057.91    5135.46
1056.76    4996.89
1055.62    4904.22
1054.47    4931.59
1053.33    4725.52
1052.18    4567.51
1051.04    4599.3
1049.89    4513.34
1048.74    4525.51
1047.59    4603.05
1046.45    4497.53
1045.3    4483.54
1044.15    4325.81
1043    4540.52
1041.86    4348
1040.71    4447.26
1039.56    4498.59
1038.41    4367.12
1037.26    4314.02
1036.11    4321.85
1034.96    4338.37
1033.81    4235.3
1032.66    4188.79
1031.51    4268.35
1030.36    4469.56
1029.21    4314.41
1028.06    4309.19
1026.91    4312.66
1025.76    4203.22
1024.6    4193.69
1023.45    4231.9
1022.3    4391.6
1021.15    4193.29
1020    4261.84
1018.84    4265.31
1017.69    4292.63
1016.54    4265.74
1015.38    4189.02
1014.23    4465.5
1013.07    4497.09
1011.92    4643.44
1010.77    4525.56
1009.61    4520.31
1008.46    4389.52
1007.3    4453.54
1006.15    4409.36
1004.99    4397.65
1003.83    4247.52
1002.68    4294.22
1001.52    4353.87
1000.36    4329.21
999.207    4399.63
998.05    4318.79
996.893    4123.51
995.735    4308.39
994.577    4184.43
993.419    4015.2
992.261    4202.14
991.102    4162.44
989.943    3986.84
988.784    4098.18
987.625    4049.9
986.465    4113.75
985.306    4074.1
984.146    4012.92
982.985    4143.54
981.825    4097.44
980.664    4105.22
979.503    4054.85
978.342    4069.08
977.181    4094.08
976.019    4015.76
974.857    4111.76
973.695    4082.95
972.532    4170.29
971.37    4107.07
970.207    4112.67
969.044    4131.17
967.88    4040.06
966.717    4007
965.553    3896.62
964.389    4041.86
963.225    4008.82
962.06    4068.1
960.895    3977.11
959.73    4143.67
958.565    4007.65
957.4    4135.53
956.234    4059.61
955.068    4054.49
953.902    4002.2
952.735    4052.81
951.568    3931.98
950.401    4096.12
949.234    3945.34
948.067    4017.34
946.899    3980.11
945.731    3992.13
944.563    3937.8
943.395    4058.94
942.226    4015.32
941.057    3894.71
939.888    3947.37
938.719    3925.17
937.549    3892.29
936.379    3940.64
935.209    3871.45
934.039    3947.55
932.868    3997.98
931.697    3864.77
930.526    3949.36
929.355    3986.96
928.183    3909.31
927.011    4015.17
925.839    3939.68
924.667    3868.48
923.495    3923.12
922.322    3922.3
921.149    3983.29
919.975    3882.31
918.802    3877.24
917.628    3891.35
916.454    3948.03
915.28    3817.34
914.105    4052.82
912.931    3856.18
911.756    3931.98
910.581    3884.36
909.405    3951.61
908.229    3855.1
907.053    3884.05
905.877    3887.5
904.701    3927.06
903.524    3930.49
902.347    3823.46
901.17    3939.47
899.992    3732.69
898.815    3801.96
897.637    3860.59
896.459    3948.91
895.28    3825.04
894.102    3911.2
892.923    3880.69
891.744    3896.84
890.564    3912.98
889.384    3799.84
888.205    3879.56
887.024    3904.17
885.844    3835.58
884.663    3921.59
883.482    3886.9
882.301    3879.74
881.12    3845.06
879.938    3782.9
878.756    3889.99
877.574    3918.78
876.392    3879.9
875.209    3712.08
874.026    3886.72
872.843    3854.21
871.66    3779.46
870.476    3835.7
869.292    3832.78
868.108    3895.31
866.924    3856.5
865.739    3745.95
864.554    3943.5
863.369    3870.94
862.184    3830.06
860.998    3867.21
859.813    3851.64
858.626    3907.73
857.44    3913.23
856.253    3935.58
855.067    3936.86
853.88    4026.59
852.692    3912.04
851.505    4029.1
850.317    4009.31
849.129    4000.05
847.94    3971.86
846.752    4160.32
845.563    4205.7
844.374    4349.88
843.184    4168.19
841.995    4261.88
840.805    4189.55
839.615    4297.9
838.424    4164.68
837.234    4075.61
836.043    4047.45
834.852    3918.57
833.66    3856.89
832.469    4002.93
831.277    3958.04
830.085    3869.12
828.892    3975.23
827.7    3890.54
826.507    3893.91
825.314    3834.42
824.12    3938.35
822.927    3776.24
821.733    3727.28
820.539    3734.87
819.344    3842.92
818.149    3603.54
816.955    3866.4
815.759    3928.33
814.564    3845.93
813.368    3935.03
812.172    3712.61
810.976    3793.33
809.78    3742.37
808.583    3766.65
807.386    3799.27
806.189    3779.67
804.991    3651.51
803.794    3744.67
802.596    3869.08
801.398    3822.36
800.199    3698.47
799    3789.45
797.801    3661.45
796.602    3673.18
795.403    3664.07
794.203    3644.53
793.003    3752.09
791.803    3738.8
790.602    3658.87
789.401    3668.5
788.2    3553.23
786.999    3721.05
785.798    3564.2
784.596    3640.41
783.394    3683.31
782.192    3667.97
780.989    3648.48
779.786    3680.96
778.583    3765.37
777.38    3747.95
776.176    3531.13
774.972    3557.37
773.768    3647.97
772.564    3649.26
771.359    3633.96
770.154    3629.03
768.949    3646.93
767.744    3718.74
766.538    3705.5
765.332    3762.76
764.126    3830.36
762.92    3717.63
761.713    3729.27
760.506    3691.19
759.299    3576.5
758.092    3623.36
756.884    3672.26
755.676    3611.46
754.468    3581.72
753.259    3703
752.05    3648.44
750.841    3641.45
749.632    3653.08
748.423    3666.76
747.213    3626.71
746.003    3613.54
744.793    3565.26
743.582    3640.91
742.371    3666.97
741.16    3666.18
739.949    3510.61
738.737    3526.36
737.525    3601.93
736.313    3588.79
735.101    3602.45
733.888    3673.84
732.675    3617.39
731.462    3635.16
730.249    3551.97
729.035    3683.04
727.821    3626.65
726.607    3718.52
725.393    3723.9
724.178    3649.01
722.963    3771.68
721.748    3791.44
720.532    3733.04
719.316    3682.88
718.1    3848.62
716.884    3726.52
715.668    3857.24
714.451    3798.88
713.234    3773.41
712.016    3663.76
710.799    3855.97
709.581    3649.86
708.363    3764.01
707.144    3603.15
705.926    3692.64
704.707    3802.6
703.488    3703.35
702.268    3591.85
701.049    3539.83
699.829    3688.66
698.608    3661.23
697.388    3570.32
696.167    3721.09
694.946    3630.2
693.725    3653.98
692.503    3773.94
691.282    3781.31
690.06    3770.27
688.837    3599.7
687.615    3778.87
686.392    3747.38
685.169    3715.92
683.945    3655.85
682.722    3673.45
681.498    3738.02
680.274    3733.13
679.049    3724.15
677.824    3645.78
676.599    3732.75
675.374    3666.65
674.149    3588.34
672.923    3773.16
671.697    3676.51
670.471    3649.21
669.244    3513.9
668.017    3631.33
666.79    3630.54
665.563    3619.57
664.335    3600.46
663.107    3487.7
661.879    3511.37
660.651    3500.43
659.422    3511.88
658.193    3441.96
656.964    3577.48
655.734    3582.8
654.505    3541.37
653.275    3526.37
652.044    3515.45
650.814    3526.88
649.583    3532.21
648.352    3521.29
647.121    3553.01
645.889    3584.71
644.657    3476.38
643.425    3430.99
642.192    3596.58
640.96    3474.11
639.727    3568.66
638.494    3624.65
637.26    3621.83
636.026    3537.97
634.792    3632.42
633.558    3530.35
632.323    3501.24
631.089    3628.03
629.853    3548.3
628.618    3561.69
627.382    3530.57
626.147    3519.69
624.91    3484.54
623.674    3538.38
622.437    3420.36
621.2    3472.16
619.963    3534.05
618.725    3377.72
617.488    3441.62
616.25    3525.68
615.011    3363.41
613.773    3386.9
612.534    3432.57
611.295    3429.81
610.055    3469.4
608.816    3442.43
607.576    3441.68
606.335    3525.59
605.095    3555.06
603.854    3342.72
602.613    3444.73
601.372    3450.02
600.13    3489.54
598.889    3436.44
597.646    3413.55
596.404    3589.88
595.161    3484.48
593.918    3421.37
592.675    3482.96
591.432    3492.26
590.188    3435.21
588.944    3488.72
587.7    3397.55
586.455    3457.07
585.21    3434.22
583.965    3459.58
582.72    3509.01
581.474    3570.46
580.228    3527.54
578.982    3502.7
577.736    3586.17
576.489    3499.16
575.242    3462.31
573.995    3485.61
572.747    3599.07
571.499    3540.18
570.251    3515.37
569.003    3664.8
567.754    3666
566.505    3633.17
565.256    3614.37
564.007    3595.57
562.757    3488.76
561.507    3677.99
560.257    3665.19
559.006    3670.39
557.755    3623.62
556.504    3626.82
555.253    3520.14
554.001    3633.22
552.749    3564.53
551.497    3591.7
550.245    3634.83
548.992    3657.98
547.739    3607.3
546.486    3746.14
545.232    3717.4
543.978    3654.78
542.724    3785.54
541.47    3693.04
540.215    3694.22
538.96    3719.31
537.705    3796.17
536.449    3833.17
535.194    3937.84
533.938    3863.34
532.681    3902.29
531.425    4006.88
530.168    3992.07
528.911    3899.72
527.653    4073.83
526.396    4134.56
525.138    3954.79
523.879    4172.48
522.621    4203.35
521.362    4111.07
520.103    3939.41
518.844    4115.22
517.584    4062.71
516.324    4000.31
515.064    4033.16
513.803    4014.42
512.543    4007.59
511.282    3941.29
510.02    3936.46
508.759    3852.36
507.497    3845.57
506.235    3987.34
504.973    3923.1
503.71    3835.12
502.447    3790.73
501.184    3778.02
499.92    3751.47
498.656    3730.86
497.392    3666.75
496.128    3654.08
494.863    3580.13
