2025.16    2806.57
2023.63    2816.34
2022.09    2882.57
2020.56    2846.19
2019.02    2865.18
2017.48    2843.47
2015.95    2771.31
2014.41    2783.8
2012.87    2810.91
2011.34    2742.06
2009.8    2804.95
2008.26    2828.79
2006.72    2886.76
2005.19    2834.19
2003.65    2791.4
2002.11    2863.96
2000.57    2892.64
1999.03    2857.98
1997.49    2863.92
1995.95    2876.35
1994.41    2802.76
1992.87    2834.66
1991.33    2889.27
1989.79    2862.76
1988.24    2873.55
1986.7    2835.7
1985.16    2784.9
1983.62    2730.87
1982.07    2838.9
1980.53    2789.75
1978.99    2773
1977.44    2832.38
1975.9    2786.49
1974.36    2863.65
1972.81    2846.91
1971.27    2807.51
1969.72    2808.58
1968.17    2859.79
1966.63    2741.17
1965.08    2869.99
1963.54    2798.3
1961.99    2783.2
1960.44    2845.68
1958.89    2820.88
1957.35    2762.18
1955.8    2751.95
1954.25    2875.73
1952.7    2849.34
1951.15    2832.64
1949.6    2835.31
1948.05    2813.77
1946.5    2860
1944.95    2811.05
1943.4    2760.51
1941.85    2758.36
1940.3    2820.67
1938.75    2763.71
1937.2    2819.56
1935.65    2860.88
1934.1    2778.18
1932.54    2813.05
1930.99    2817.33
1929.44    2786.19
1927.88    2840.35
1926.33    2843.01
1924.78    2900.35
1923.22    2766.29
1921.67    2838.1
1920.11    2705.71
1918.56    2761.43
1917    2865.33
1915.44    2758.72
1913.89    2803.15
1912.33    2815.44
1910.77    2765.1
1909.22    2775.79
1907.66    2738.32
1906.1    2768.27
1904.54    2786.97
1902.98    2812.08
1901.43    2792.27
1899.87    2785.3
1898.31    2778.33
1896.75    2795.41
1895.19    2753.18
1893.63    2723.79
1892.07    2736.06
1890.51    2729.11
1888.94    2832.65
1887.38    2776.05
1885.82    2738.68
1884.26    2738.13
1882.7    2823.98
1881.13    2778.62
1879.57    2728.48
1878.01    2767.91
1876.44    2767.36
1874.88    2784.38
1873.32    2764.65
1871.75    2781.67
1870.19    2774.72
1868.62    2780.55
1867.05    2746.45
1865.49    2744.3
1863.92    2815.58
1862.36    2792.67
1860.79    2812.85
1859.22    2753.26
1857.65    2736.76
1856.09    2720.26
1854.52    2703.77
1852.95    2715.97
1851.38    2739.33
1849.81    2754.7
1848.24    2735.03
1846.67    2740.85
1845.1    2870.86
1843.53    2779.54
1841.96    2809.22
1840.39    2745
1838.82    2760.35
1837.25    2832.96
1835.67    2721.06
1834.1    2761.85
1832.53    2834.42
1830.96    2748.01
1829.38    2815.78
1827.81    2845.4
1826.24    2860.7
1824.66    2844.24
1823.09    2892.88
1821.51    2800.22
1819.94    2890.12
1818.36    2883.18
1816.79    2839.76
1815.21    2912.14
1813.63    2938.51
1812.06    3033.04
1810.48    2970.6
1808.9    2971.58
1807.32    2978.89
1805.75    2965.61
1804.17    3015.69
1802.59    2983.4
1801.01    3038.2
1799.43    3018.59
1797.85    2997.4
1796.27    3109.12
1794.69    3030.97
1793.11    3055.66
1791.53    3026.57
1789.95    3131.87
1788.37    3036.39
1786.78    3140.07
1785.2    3076.22
1783.62    3096.13
1782.04    3052.85
1780.45    3129.59
1778.87    3165.26
1777.29    2972.05
1775.7    3034.56
1774.12    3067.07
1772.53    3034.89
1770.95    3121
1769.36    3043.1
1767.77    2969.96
1766.19    3026.08
1764.6    2975.04
1763.02    2920.86
1761.43    2970.66
1759.84    3031.46
1758.25    3022.96
1756.66    2959.37
1755.08    2968.2
1753.49    2932.97
1751.9    2871.01
1750.31    2912.89
1748.72    2940.59
1747.13    2873.95
1745.54    2835.63
1743.95    2813.04
1742.36    2941.3
1740.76    2827.58
1739.17    2864.69
1737.58    2823.27
1735.99    2910.6
1734.4    2861.34
1732.8    2755.6
1731.21    2751.89
1729.61    2828.18
1728.02    2847.98
1726.43    2864.64
1724.83    2809.18
1723.24    2855.61
1721.64    2862.85
1720.05    2827.79
1718.45    2852.26
1716.85    2820.35
1715.26    2890.21
1713.66    2903.7
1712.06    2920.31
1710.46    2932.22
1708.87    2973.84
1707.27    3007.63
1705.67    3052.35
1704.07    3084.54
1702.47    3004.18
1700.87    3059.81
1699.27    3084.17
1697.67    3085.09
1696.07    3059.46
1694.47    3043.2
1692.87    3069.1
1691.26    3144.94
1689.66    3123.99
1688.06    3020.37
1686.46    3194.43
1684.85    3117.35
1683.25    3174.38
1681.65    3131.63
1680.04    3146.56
1678.44    3145.9
1676.83    3174.83
1675.23    3125.88
1673.62    3122.11
1672.02    3222.65
1670.41    3088.11
1668.8    3134.15
1667.2    3186.39
1665.59    3132.83
1663.98    3203.71
1662.37    3246.57
1660.77    3143.28
1659.16    3192.36
1657.55    3135.74
1655.94    3206.55
1654.33    3215.19
1652.72    3222.27
1651.11    3086.52
1649.5    3219.36
1647.89    3173.68
1646.28    3202.48
1644.67    3164.58
1643.05    3244.56
1641.44    3184.95
1639.83    3240.08
1638.22    3285.9
1636.6    3249.56
1634.99    3244.22
1633.38    3299.3
1631.76    3393.07
1630.15    3262.29
1628.53    3332.8
1626.92    3378.53
1625.3    3476.84
1623.68    3339.96
1622.07    3391.84
1620.45    3486.99
1618.83    3489.34
1617.22    3466.96
1615.6    3477.04
1613.98    3510.29
1612.36    3596.05
1610.74    3618.45
1609.12    3702.6
1607.5    3828.4
1605.89    3812.15
1604.27    3914.72
1602.64    3916.97
1601.02    4121.27
1599.4    4125.02
1597.78    4114.89
1596.16    4238.87
1594.54    4325.8
1592.91    4605.29
1591.29    4769.13
1589.67    5017.61
1588.04    5459.99
1586.42    6100.76
1584.8    6925.96
1583.17    7698.48
1581.55    8418.36
1579.92    8756.48
1578.3    9000.65
1576.67    9158.62
1575.04    8942.99
1573.42    8572.25
1571.79    8155.56
1570.16    7408.79
1568.53    6800.55
1566.91    6359.95
1565.28    5977.86
1563.65    5408.7
1562.02    5143.6
1560.39    4844.87
1558.76    4598.42
1557.13    4401.14
1555.5    4318.94
1553.87    4069.69
1552.24    3984.52
1550.6    3933.1
1548.97    3918.47
1547.34    3807.36
1545.71    3788.16
1544.07    3840.93
1542.44    3844.69
1540.81    3742.87
1539.17    3641.09
1537.54    3620.42
1535.9    3696.1
1534.27    3634.14
1532.63    3601.26
1531    3689.12
1529.36    3651.65
1527.72    3537.82
1526.09    3599.67
1524.45    3531.71
1522.81    3566.06
1521.17    3594.29
1519.54    3529.42
1517.9    3633.92
1516.26    3544.67
1514.62    3560.67
1512.98    3587.35
1511.34    3554.56
1509.7    3530.93
1508.06    3470.74
1506.42    3533.97
1504.77    3546.91
1503.13    3538.52
1501.49    3594.08
1499.85    3488.28
1498.2    3522.52
1496.56    3544.58
1494.92    3575.74
1493.27    3543.03
1491.63    3595.47
1489.98    3467.01
1488.34    3551.36
1486.69    3483.74
1485.05    3574.11
1483.4    3547.52
1481.76    3504.23
1480.11    3529.27
1478.46    3645.36
1476.81    3635.46
1475.17    3627.08
1473.52    3495.86
1471.87    3498.13
1470.22    3462.5
1468.57    3305.63
1466.92    3326.12
1465.27    3298.13
1463.62    3330.73
1461.97    3230.05
1460.32    3256.6
1458.67    3255.89
1457.01    3129.57
1455.36    3236.3
1453.71    3265.85
1452.06    3216.74
1450.4    3155.55
1448.75    3139.74
1447.09    3095.23
1445.44    3215.43
1443.78    3213.21
1442.13    3130.95
1440.47    3113.65
1438.82    3097.87
1437.16    3133.41
1435.5    3174.98
1433.85    3100.35
1432.19    3126.82
1430.53    3201.53
1428.87    3089.26
1427.22    3189.57
1425.56    3238.6
1423.9    3215.29
1422.24    3202.53
1420.58    3247.01
1418.92    3265.86
1417.26    3245.57
1415.6    3305.06
1413.93    3244.14
1412.27    3287.05
1410.61    3354.01
1408.95    3350.26
1407.28    3397.63
1405.62    3422.43
1403.96    3493.8
1402.29    3550.12
1400.63    3624.44
1398.96    3691.22
1397.3    3745.95
1395.63    3782.65
1393.97    3904.87
1392.3    4028.54
1390.64    4144.65
1388.97    4182.72
1387.3    4352.72
1385.63    4369.75
1383.96    4418.24
1382.3    4460.71
1380.63    4486.69
1378.96    4512.65
1377.29    4439.77
1375.62    4497.17
1373.95    4565.02
1372.28    4544.55
1370.61    4521.1
1368.94    4418.39
1367.26    4339.64
1365.59    4431.37
1363.92    4393.02
1362.25    4326.29
1360.57    4392.56
1358.9    4315.4
1357.23    4256.19
1355.55    4247.78
1353.88    4142.34
1352.2    4069.78
1350.53    4030.08
1348.85    3887.47
1347.17    3804.57
1345.5    3681.45
1343.82    3641.87
1342.14    3591.87
1340.46    3614.91
1338.79    3538.13
1337.11    3386.91
1335.43    3392.11
1333.75    3409.21
1332.07    3368.26
1330.39    3357.09
1328.71    3247.74
1327.03    3245.52
1325.35    3301.3
1323.67    3250.01
1321.98    3173.48
1320.3    3187.63
1318.62    3139.37
1316.94    3054
1315.25    3111.23
1313.57    3159.53
1311.88    3083.11
1310.2    3100.23
1308.52    3197.46
1306.83    3039.5
1305.14    3059.58
1303.46    3107.82
1301.77    3101.19
1300.08    3057.51
1298.4    3055.34
1296.71    3099.1
1295.02    3141.35
1293.33    3062.16
1291.64    3058.51
1289.96    3078.54
1288.27    3097.09
1286.58    3075.68
1284.89    3091.25
1283.2    3089.07
1281.5    3012.98
1279.81    3066.99
1278.12    3052.99
1276.43    3059.69
1274.74    3070.82
1273.04    3078.98
1271.35    3038.42
1269.66    3073.16
1267.96    2995.73
1266.27    3110.13
1264.57    2991.42
1262.88    2996.64
1261.18    2991.54
1259.49    2959.91
1257.79    2979.87
1256.09    2992.45
1254.4    2979.99
1252.7    2992.57
1251    2949.19
1249.3    2982.38
1247.6    2997.89
1245.9    2916.28
1244.21    3006.82
1242.51    3001.73
1240.81    2893.71
1239.1    2894.52
1237.4    2926.2
1235.7    2812.39
1234    2866.1
1232.3    2910.98
1230.6    2960.24
1228.89    2906.72
1227.19    2791.57
1225.49    2815.88
1223.78    2799.1
1222.08    2882.07
1220.37    2815.42
1218.67    2870.49
1216.96    2805.34
1215.25    2829.61
1213.55    2796.73
1211.84    2793.17
1210.13    2691.49
1208.43    2794.82
1206.72    2772.22
1205.01    2762.81
1203.3    2743.16
1201.59    2726.44
1199.88    2689.26
1198.17    2655.01
1196.46    2625.17
1194.75    2680.1
1193.04    2634.19
1191.33    2740.22
1189.62    2681.18
1187.9    2740.42
1186.19    2833.21
1184.48    2867.58
1182.77    2982.19
1181.05    3101.11
1179.34    3077.06
1177.62    3245.48
1175.91    3215.58
1174.19    3292.08
1172.48    3237.42
1170.76    3172.58
1169.04    3074.27
1167.33    2962.91
1165.61    2902.55
1163.89    2816.02
1162.17    2819.73
1160.45    2737.62
1158.73    2625.01
1157.02    2675.29
1155.3    2629.61
1153.58    2551.98
1151.85    2574.64
1150.13    2645.22
1148.41    2646.06
1146.69    2662.87
1144.97    2779.84
1143.25    2708.08
1141.52    2851.1
1139.8    2838.83
1138.08    2839.63
1136.35    2833.17
1134.63    2746.99
1132.9    2860.84
1131.18    2799.32
1129.45    2685.68
1127.72    2735.75
1126    2658.37
1124.27    2623.02
1122.54    2590.57
1120.82    2556.69
1119.09    2502.57
1117.36    2546.82
1115.63    2498.51
1113.9    2463.24
1112.17    2511.8
1110.44    2444.75
1108.71    2499.08
1106.98    2492.72
1105.25    2587.43
1103.51    2520.43
1101.78    2534.27
1100.05    2523.58
1098.32    2589.35
1096.58    2533.94
1094.85    2684.75
1093.12    2760.52
1091.38    2715.2
1089.65    2808.22
1087.91    3107.19
1086.17    3162.63
1084.44    3343.31
1082.7    3552.7
1080.96    3714.49
1079.23    3893.47
1077.49    4076.69
1075.75    4233.93
1074.01    4498.94
1072.27    4437.51
1070.53    4524.13
1068.79    4482.84
1067.05    4362.56
1065.31    4273.93
1063.57    4084.84
1061.83    3806.84
1060.09    3536.14
1058.34    3444.92
1056.6    3315.01
1054.86    3066.13
1053.11    2960.74
1051.37    2888.37
1049.63    2760.15
1047.88    2693.59
1046.14    2682.93
1044.39    2584.91
1042.64    2552.81
1040.9    2513.56
1039.15    2441.41
1037.4    2506.65
1035.66    2493.18
1033.91    2474
1032.16    2474.85
1030.41    2442.82
1028.66    2366.5
1026.91    2471.66
1025.16    2468.22
1023.41    2356.25
1021.66    2389.96
1019.91    2467.9
1018.15    2427.36
1016.4    2415.37
1014.65    2374.86
1012.9    2428.48
1011.14    2343.79
1009.39    2482.92
1007.63    2495.16
1005.88    2454.67
1004.12    2441.27
1002.37    2420.76
1000.61    2390.28
998.857    2314.28
997.1    2303.77
995.342    2353.01
993.585    2420.72
991.826    2437.21
990.068    2368.39
988.309    2265.5
986.549    2282.01
984.79    2230.32
983.029    2209.91
981.269    2257.66
979.508    2292.61
977.746    2284.97
975.984    2261.72
974.222    2185.99
972.459    2199.65
970.696    2304.05
968.932    2273.73
967.168    2213.67
965.404    2152.21
963.639    2146.03
961.874    2270.14
960.108    2222.87
958.342    2208.19
956.575    2119.92
954.808    2201.47
953.041    2147.19
951.273    2172.13
949.505    2164.54
947.736    2205.01
945.967    2196
944.197    2216.67
942.427    2142.69
940.657    2205.72
938.886    2169.89
937.115    2142.55
935.343    2142.04
933.571    2196.54
931.798    2173.44
930.025    2177.15
928.252    2080.76
926.478    2195.83
924.704    2130.49
922.929    2138.42
921.154    2150.58
919.379    2145.84
917.603    2129.84
915.826    2075.84
914.049    2113.33
912.272    2115.63
910.495    2120.75
908.716    2175.07
906.938    2091.61
905.159    2122.02
903.38    2089.19
901.6    2049.35
899.819    2065.71
898.039    2049.76
896.258    2071.72
894.476    2118.93
892.694    2055.28
890.912    2126.32
889.129    2082.33
887.346    2045.37
885.562    2001.43
883.778    2038.78
881.993    2052.29
880.208    2019.58
878.423    2063.89
876.637    2018.59
874.85    2060.09
873.064    2091.76
871.276    2050.69
869.489    2059.98
867.701    2101.42
865.912    2092.52
864.123    2045.89
862.334    2074.73
860.544    2120.32
858.754    2087.68
856.963    2110.9
855.172    2107.6
853.38    2116.85
851.588    2170.74
849.796    2164.63
848.003    2212.9
846.21    2159.38
844.416    2214.6
842.622    2176.44
840.827    2251.13
839.032    2331.35
837.236    2276.48
835.44    2280.09
833.644    2285.1
831.847    2333.23
830.05    2208.86
828.252    2183.29
826.454    2227.24
824.655    2150.24
822.856    2089.96
821.057    2122.79
819.257    2109.76
817.456    2085.64
815.655    2069.85
813.854    2151.23
812.052    2082.7
810.25    2073.87
808.447    2017.88
806.644    2075.61
804.841    2054.31
803.037    1983.12
801.232    2067.15
799.428    1995.99
797.622    2043.97
795.816    2057.3
794.01    2026.34
792.204    2078.42
790.397    2026.72
788.589    2031.75
786.781    1982.85
784.972    2040.42
783.164    2006.74
781.354    1953.74
779.544    2030.61
777.734    2024.58
775.923    2064.11
774.112    2031.85
772.301    1981.67
770.489    1982.55
768.676    2023.44
766.863    2022.93
765.05    1963.15
763.236    2017.79
761.422    2014.53
759.607    2058.11
757.792    2012.14
755.976    1948.3
754.16    1989.11
752.343    2021.64
750.526    2034.89
748.709    2013.75
746.891    1969.24
745.072    1977
743.253    1939.39
741.434    1970.51
739.614    1985.13
737.794    1958.53
735.973    1942.94
734.152    1938.33
732.331    1988.62
730.508    2003.21
728.686    1991.74
726.863    1948.72
725.039    1961.94
723.216    1962.82
721.391    2014.4
719.566    2001.56
717.741    1936.68
715.915    2048.47
714.089    2084.92
712.262    2017.33
710.435    2020.92
708.608    2005.37
706.78    2014.43
704.951    1978.37
703.122    1992.91
701.293    1960.97
699.463    1974.14
697.632    1939.49
695.802    1955.39
693.97    1922.13
692.139    1906.63
690.306    1968.91
688.474    1939.76
686.64    1987
684.807    1968.77
682.973    1942.37
681.138    1967.77
679.303    2013.59
677.468    1940.89
675.632    1911.8
673.795    2021.58
671.958    2006.09
670.121    1993.33
668.283    1977.86
666.445    1976
664.606    1986.37
662.767    2013.05
660.927    2028.84
659.087    2014.73
657.246    1977.55
655.405    2023.21
653.563    1958.89
651.721    1950.24
649.879    1894.11
648.036    1892.27
646.192    1951.45
644.348    1888.59
642.504    1882.68
640.659    1960.79
638.813    1862.75
636.968    1909.67
635.121    1934.91
633.274    1935.76
631.427    1909.55
629.579    1921.23
627.731    1959.97
625.882    1943.23
624.033    1952.19
622.184    1981.43
620.333    1880.92
618.483    1895.3
616.632    1940.72
614.78    1870.01
612.928    1899.23
611.075    1889.29
609.222    1878
607.369    1895.05
605.515    1943.11
603.66    1861.72
601.805    1907.06
599.95    1910.6
598.094    1961.29
596.238    1846.32
594.381    1932
592.523    1946.31
590.666    1937.73
588.807    1965.47
586.948    1915.2
585.089    1972.52
583.229    1970.66
581.369    1978.21
579.508    1927.98
577.647    1887.18
575.785    1893.4
573.923    1957.35
572.06    1927.31
570.197    1893.26
568.334    1935.69
566.469    1904.34
564.605    1945.4
562.74    1849.73
560.874    1924.28
559.008    1905.02
557.141    1884.43
555.274    1957.58
553.407    1995.89
551.539    1953.88
549.67    1885.13
547.801    1946.16
545.931    1896.17
544.061    1942.46
542.191    1932.6
540.32    1881.31
538.448    1943.6
536.576    1917.71
534.704    1987.97
532.831    2055.51
530.957    1974.91
529.083    1943.7
527.209    1984.53
525.334    2038.68
523.458    1982.15
521.582    2034.93
519.706    2091.68
517.829    2065.82
515.951    2145.16
514.073    2099.33
512.195    2040.22
510.316    2072.94
508.436    2001.89
506.556    2001.36
504.676    1963.6
502.795    1963.08
500.913    1914.72
499.031    1979.3
497.149    1913.7
495.266    1970.28
493.383    1872.86
491.499    1892.26
489.614    1948.8
487.729    1915.13
485.844    1874.84
483.958    1896.87
482.071    1857.93
480.184    1903.8
478.297    1932.43
476.408    1890.87
474.52    1896.98
472.631    1860.74
470.741    1837.74
468.851    1890.16
466.961    1916.1
465.07    1875.92
463.178    1954.72
461.286    1873.59
459.393    1859.88
457.5    1935.97
455.607    1926.21
453.713    1882.13
451.818    1872.39
449.923    1811.2
448.027    1817.31
446.131    1807.59
444.234    1824.23
442.337    1880.4
440.439    1860.13
438.541    1842.51
436.642    1897.31
434.743    1800.7
432.843    1855.48
430.943    1878.66
429.042    1832.12
427.141    1814.53
425.239    1791.69
423.337    1825.37
421.434    1872.17
419.53    1891.36
417.627    1888.22
415.722    1871.95
413.817    1887.19
411.912    1922.1
410.006    1873.04
408.099    1854.17
406.192    1899.55
404.285    1803.36
402.377    1817.28
400.468    1820.71
398.559    1831.99
396.649    1843.27
394.739    1802.2
392.828    1789.93
390.917    1738.42
389.005    1754.94
387.093    1767.54
385.18    1770.97
383.267    1808.38
381.353    1750.4
379.439    1825.66
377.524    1838.21
375.608    1819.44
373.692    1859.38
371.776    1875.83
369.859    1854.44
367.941    1869.58
366.023    1882.09
364.105    1885.48
362.186    1871.93
360.266    1879.23
358.346    1866.99
356.425    1824.82
354.504    1890.68
352.582    1829.01
350.66    1768.68
348.737    1796.8
346.813    1793.7
344.889    1845.17
342.965    1816.08
341.04    1783.11
339.114    1781.31
337.188    1748.37
335.262    1823.14
333.334    1735.72
331.407    1741.72
329.479    1751.6
327.55    1818.51
325.62    1785.61
323.691    1782.52
321.76    1782.02
319.829    1751.74
317.898    1831.5
315.966    1832.28
314.033    1830.47
312.1    1853.24
310.166    1803.59
308.232    1795.32
306.298    1843.92
304.362    1889.91
302.426    1850.63
300.49    1918.54
298.553    1951.56
296.616    2045.2
294.678    1931.1
292.739    1952.48
290.8    1890.05
288.86    2048.05
286.92    2089.99
284.979    2080.38
283.038    2052.75
281.096    2156.45
