950.114196777	7179
950.379699707	7090.43310547
950.645263672	7089.76171875
950.910766602	7244.84228516
951.176330566	7306.73681641
951.441833496	7271.53955078
951.707397461	7209.17285156
951.972900391	7211.34082031
952.238464355	7203.18603516
952.503967285	7168.74365234
952.76953125	7225.12646484
953.03503418	7206.59667969
953.300598145	7218.953125
953.566101074	7263.87011719
953.831665039	7290.63818359
954.097167969	7262.01220703
954.362670898	7361.14208984
954.628234863	7326.55078125
954.893737793	7312.24707031
955.159301758	7268.54150391
955.424804688	7357.34863281
955.690368652	7383.33447266
955.955871582	7222.47363281
956.221435547	7202.47509766
956.486938477	7322.26220703
956.752502441	7241.16113281
957.018005371	7199.85644531
957.283569336	7198.01025391
957.549072266	7202.62304688
957.81463623	7171.60644531
958.08013916	7218.84570313
958.34564209	7239.61621094
958.611206055	7229.40283203
958.876708984	7262.57666016
959.142272949	7334.57470703
959.407775879	7341.35400391
959.673339844	7265.16601563
959.938842773	7204.66113281
960.204406738	7190.15966797
960.469909668	7248.11132813
960.735473633	7132.54931641
961.000976563	7211.59423828
961.266540527	7115.47949219
961.532043457	7152.67675781
961.797607422	7166
962.063110352	7220.59375
962.328613281	7294.36035156
962.594177246	7323.87158203
962.859680176	7259.10986328
963.125244141	7201.58349609
963.39074707	7241.80859375
963.656311035	7261.94433594
963.921813965	7266.66210938
964.18737793	7419.86376953
964.452880859	7182.47851563
964.718444824	7162.01220703
964.983947754	7118.83203125
965.249511719	7264.12841797
965.515014648	7241.30761719
965.780517578	7214.0390625
966.046081543	7211.58886719
966.311584473	7197.01806641
966.577148438	7143.64453125
966.842651367	7090.87255859
967.108215332	7096.06640625
967.373718262	7145.46337891
967.639282227	7221.53076172
967.904785156	7238.17431641
968.170349121	7154.97167969
968.435852051	7101.35693359
968.701416016	7170.42578125
968.966918945	7070.87109375
969.23248291	7193.60449219
969.49798584	7177.56933594
969.76348877	7189.75537109
970.029052734	7103.31982422
970.294555664	7107.61767578
970.560119629	7166.46386719
970.825622559	7060.14941406
971.091186523	7185.66699219
971.356689453	7206.37695313
971.622253418	7244.46386719
971.887756348	7165.78271484
972.153320313	7324.09814453
972.418823242	7120.13769531
972.684387207	7223.18310547
972.949890137	7157.90576172
973.215454102	7157.70458984
973.480957031	7175.83105469
973.746459961	7181.18798828
974.012023926	7222.5234375
974.277526855	7226.109375
974.54309082	7168.82373047
974.80859375	7184.12109375
975.074157715	7126.53564453
975.339660645	7055.75390625
975.605224609	7321.46533203
975.870727539	7215.99560547
976.136291504	7099.28027344
976.401794434	7236.32763672
976.667358398	7407.58300781
976.932861328	7226.63378906
977.198425293	7138.33251953
977.463928223	7200.76660156
977.729431152	7217.78320313
977.994995117	7180.32470703
978.260498047	7169.75097656
978.526062012	7203.4140625
978.791564941	7234.19726563
979.057128906	7046.11914063
979.322631836	7117.73876953
979.588195801	7223.97070313
979.85369873	7288.07226563
980.119262695	7197.05859375
980.384765625	7246.86914063
980.65032959	7177.38623047
980.91583252	7208.66943359
981.181396484	7162.62695313
981.446899414	7154.90917969
981.712402344	7188.77441406
981.977966309	7132.75292969
982.243469238	7157.41210938
982.509033203	7153.41357422
982.774536133	7034.95214844
983.040100098	7211.38671875
983.305603027	7234.69384766
983.571166992	7137.47509766
983.836669922	7221.92529297
984.102233887	7174.84619141
984.367736816	7125.02001953
984.633300781	7157.66503906
984.898803711	7225.30908203
985.164367676	7211.88232422
985.429870605	7157.88818359
985.695373535	7218.20507813
985.9609375	7257.74658203
986.22644043	7048.12744141
986.492004395	7045.74755859
986.757507324	7181.25195313
987.023071289	7214.91503906
987.288574219	7251.97753906
987.554138184	7067.94433594
987.819641113	7130.98291016
988.085205078	7299.01611328
988.350708008	7302.36865234
988.616271973	7203.58154297
988.881774902	7246.23632813
989.147277832	7310.83105469
989.412841797	7174.63085938
989.678344727	7011.10693359
989.943908691	7078.01611328
990.209411621	7205.24462891
990.474975586	7257.82421875
990.740478516	7255.58691406
991.00604248	7337.13720703
991.27154541	7189.35546875
991.537109375	7263.51074219
991.802612305	7135.03857422
992.06817627	7175.82226563
992.333679199	7176.66162109
992.599243164	7195.97265625
992.864746094	7357.27148438
993.130249023	7389.68896484
993.395812988	7302.49072266
993.661315918	7346.22949219
993.926879883	7389.02978516
994.192382813	7559.64941406
994.457946777	7600.359375
994.723449707	7500.26855469
994.989013672	7720.62109375
995.254516602	7606.69580078
995.520080566	7780.33984375
995.785583496	7816.77050781
996.051147461	7778.22851563
996.316650391	8034.69824219
996.582214355	8095.13623047
996.847717285	8044.22949219
997.113220215	8039.41113281
997.37878418	8082.74072266
997.644287109	8263.53710938
997.909851074	8348.10546875
998.175354004	8202.66015625
998.440917969	8146.06054688
998.706420898	8306.02539063
998.971984863	8126.96923828
999.237487793	8054.48046875
999.503051758	8156.77197266
999.768554688	8006.71484375
1000.03411865	8009.28515625
1000.29962158	7935.37695313
1000.56518555	7814.81445313
1000.83068848	7755.02685547
1001.09619141	7694.58935547
1001.36175537	7615.16894531
1001.6272583	7580.86181641
1001.89282227	7545.61230469
1002.1583252	7497.15332031
1002.42388916	7454.02880859
1002.68939209	7551.64501953
1002.95495605	7542.29931641
1003.22045898	7372.89599609
1003.48602295	7495.78662109
1003.75152588	7405.97265625
1004.01708984	7341.96386719
1004.28259277	7438.04492188
1004.54815674	7441.84619141
1004.81365967	7369.73339844
1005.0791626	7329.2578125
1005.34472656	7329.07958984
1005.61022949	7363.40771484
1005.87579346	7402.87548828
1006.14129639	7478.80712891
1006.40686035	7483.07666016
1006.67236328	7343.734375
1006.93792725	7406.37158203
1007.20343018	7377.95556641
1007.46899414	7383.453125
1007.73449707	7355.35107422
1008.00006104	7236.13037109
1008.26556396	7368.21923828
1008.53112793	7456.56298828
1008.79663086	7446.79833984
1009.06213379	7417.41455078
1009.32769775	7359.11132813
1009.59320068	7321.81201172
1009.85876465	7310.37548828
1010.12426758	7222.21435547
1010.38983154	7207.77734375
1010.65533447	7377.01611328
1010.92089844	7348.99511719
1011.18640137	7345.25390625
1011.45196533	7301.40673828
1011.71746826	7290.96386719
1011.98303223	7300.39697266
1012.24853516	7285.81884766
1012.51403809	7278.21289063
1012.77960205	7306.10351563
1013.04510498	7286.50439453
1013.31066895	7295.73828125
1013.57617188	7357.92919922
1013.84173584	7340.765625
1014.10723877	7354.28125
1014.37280273	7286.29248047
1014.63830566	7383.08740234
1014.90386963	7459.98681641
1015.16937256	7318.72363281
1015.43493652	7412.65429688
1015.70043945	7200.57421875
1015.96600342	7323.734375
1016.23150635	7477.65478516
1016.49700928	7441.51806641
1016.76257324	7453.53564453
1017.02807617	7495.51269531
1017.29364014	7494.65380859
1017.55914307	7522.23193359
1017.82470703	7555.21679688
1018.09020996	7529.09960938
1018.35577393	7561.73681641
1018.62127686	7639.80322266
1018.88684082	7538.296875
1019.15234375	7646.11474609
1019.41790771	7660.15673828
1019.68341064	7551.01708984
1019.94897461	7775.94824219
1020.21447754	7830
1020.47998047	7730.15820313
1020.74554443	7774.98291016
1021.01104736	7849.203125
1021.27661133	7754.55273438
1021.54211426	7672.93408203
1021.80767822	7723.47705078
1022.07318115	7711.41308594
1022.33874512	7658.47070313
1022.60424805	7720.30908203
1022.86981201	7723.28564453
1023.13531494	7601.62695313
1023.40087891	7701.83886719
1023.66638184	7705.79589844
1023.9319458	7719.03564453
1024.1973877	7678.28759766
1024.4630127	7683.59228516
1024.72851563	7609.55615234
1024.99401855	7571.38427734
1025.25952148	7505.78027344
1025.52514648	7485.30175781
1025.79064941	7516.44335938
1026.05615234	7541.68017578
1026.32165527	7554.50537109
1026.58728027	7518.02148438
1026.8527832	7634.49267578
1027.11828613	7435.42626953
1027.38378906	7514.87646484
1027.64941406	7272.20019531
1027.91491699	7386.04638672
1028.18041992	7384.61669922
1028.44592285	7483.31982422
1028.71142578	7390.40966797
1028.97705078	7421.41503906
1029.24255371	7436.83886719
1029.50805664	7434.48388672
1029.77355957	7495.48291016
1030.03918457	7485.55175781
1030.3046875	7387.68505859
1030.57019043	7371.7578125
1030.83569336	7389.93408203
1031.10131836	7375.54394531
1031.36682129	7295.07617188
1031.63232422	7473.48632813
1031.89782715	7391.95019531
1032.16333008	7325.36914063
1032.42895508	7342.01855469
1032.69445801	7404.38134766
1032.95996094	7386.46386719
1033.22546387	7314.99267578
1033.49108887	7355.08007813
1033.7565918	7356.35400391
1034.02209473	7352.39013672
1034.28759766	7311.35009766
1034.55322266	7232.15087891
1034.81872559	7234.97070313
1035.08422852	7274.49804688
1035.34973145	7349.07910156
1035.61535645	7258.35009766
1035.88085938	7390.9765625
1036.1463623	7356.50488281
1036.41186523	7383.89794922
1036.67736816	7470.50683594
1036.94299316	7298.95751953
1037.20849609	7406.77636719
1037.47399902	7343.04296875
1037.73950195	7302.30419922
1038.00512695	7240.59228516
1038.27062988	7206.56542969
1038.53613281	7238.14404297
1038.80163574	7296.27832031
1039.06726074	7338.53466797
1039.33276367	7336.65185547
1039.5982666	7339.27294922
1039.86376953	7320.82910156
1040.12927246	7279.7109375
1040.39489746	7190.08398438
1040.66040039	7230.70605469
1040.92590332	7414.54345703
1041.19140625	7248.81005859
1041.45703125	7324.65869141
1041.72253418	7291.84326172
1041.98803711	7291.69189453
1042.25354004	7250.16308594
1042.51916504	7272.24511719
1042.78466797	7268.03808594
1043.0501709	7290.01855469
1043.31567383	7269.94091797
1043.58129883	7166.33007813
1043.84680176	7265.59619141
1044.11230469	7262.78613281
1044.37780762	7200.61279297
1044.64331055	7314.74414063
1044.90893555	7219.36523438
1045.17443848	7380.10449219
1045.43994141	7295.17285156
1045.70544434	7185.296875
1045.97106934	7221.96484375
1046.23657227	7227.1484375
1046.5020752	7198.22167969
1046.76757813	7200.82177734
1047.03320313	7226.25634766
1047.29870605	7213.87158203
1047.56420898	7228.73535156
1047.82971191	7298.41113281
1048.09521484	7329.35644531
1048.36083984	7326.93701172
1048.62634277	7293.84619141
1048.8918457	7198.8125
1049.15734863	7319.59521484
1049.42297363	7251.22705078
1049.68847656	7448.49804688
1049.95397949	7411.09570313
1050.21948242	7387.34423828
1050.48510742	7380.82421875
1050.75061035	7400.67480469
1051.01611328	7377.41943359
1051.28161621	7386.52880859
1051.54711914	7415.62695313
1051.81274414	7391.14794922
1052.07824707	7402.22753906
1052.34375	7470.44677734
1052.60925293	7482.69970703
1052.87487793	7479.9453125
1053.14038086	7467.24169922
1053.40588379	7383.65576172
1053.67138672	7502.32324219
1053.93701172	7428.02929688
1054.20251465	7610.66992188
1054.46801758	7471.92089844
1054.73352051	7549.68359375
1054.99914551	7569.65380859
1055.26464844	7642.91308594
1055.53015137	7622.21777344
1055.7956543	7731.14990234
1056.06115723	7616.61816406
1056.32678223	7564.68408203
1056.59228516	7648.8359375
1056.85778809	7647.77978516
1057.12329102	7702.70947266
1057.38891602	7779.48095703
1057.65441895	7787.51757813
1057.91992188	8070.13720703
1058.1854248	7856.12451172
1058.4510498	7840.90136719
1058.71655273	7823.63525391
1058.98205566	7957.21044922
1059.24755859	7947.29492188
1059.51306152	7807.03173828
1059.77868652	7905.73876953
1060.04418945	7964.39160156
1060.30969238	8101.31982422
1060.57519531	8119.3203125
1060.84082031	8072.28271484
1061.10632324	8164.07373047
1061.37182617	8170.57666016
1061.6373291	8123.76318359
1061.9029541	8228.71191406
1062.16845703	8174.96826172
1062.43395996	8243.94433594
1062.69946289	8160.55175781
1062.96508789	8259.81738281
1063.23059082	8458.30175781
1063.49609375	8384.38671875
1063.76159668	8521.42382813
1064.02709961	8437.98535156
1064.29272461	8448.11035156
1064.55822754	8422.40722656
1064.82373047	8511.11816406
1065.0892334	8670.03515625
1065.3548584	8710.96972656
1065.62036133	8633.05566406
1065.88586426	8625.47265625
1066.15136719	8704.64257813
1066.41699219	8777.54003906
1066.68249512	8892.328125
1066.94799805	9021.22753906
1067.21350098	8996.16992188
1067.47900391	8827.56347656
1067.74462891	8928.20214844
1068.01013184	8897.20117188
1068.27563477	8938.62011719
1068.5411377	8987.65234375
1068.8067627	9020.32617188
1069.07226563	9156.20996094
1069.33776855	9225.39746094
1069.60327148	9181.09765625
1069.86889648	9182.77832031
1070.13439941	9136.76855469
1070.39990234	9159.45605469
1070.66540527	9218.52832031
1070.9309082	9134.54003906
1071.1965332	9163.296875
1071.46203613	9381.578125
1071.72753906	9288.22851563
1071.99304199	9268.39453125
1072.25866699	9263.97070313
1072.52416992	9242.65625
1072.78967285	9398.50292969
1073.05517578	9192.79199219
1073.32080078	9371.12304688
1073.58630371	9256.84863281
1073.85180664	9204.57324219
1074.11730957	9206.8515625
1074.38293457	9199.48144531
1074.6484375	9145.78710938
1074.91394043	9034.94042969
1075.17944336	9076.44921875
1075.44494629	9177.50683594
1075.71057129	9113.9453125
1075.97607422	9009.76464844
1076.24157715	9046.03417969
1076.50708008	9056.40136719
1076.77270508	8918.21386719
1077.03820801	8935.80273438
1077.30371094	8895.39746094
1077.56921387	8795.03027344
1077.83483887	8899.671875
1078.1003418	8833.80175781
1078.36584473	8909.94335938
1078.63134766	8887.38574219
1078.89685059	8653.26269531
1079.16247559	8612.99902344
1079.42797852	8544.8984375
1079.69348145	8589.95996094
1079.95898438	8648.50878906
1080.22460938	8628.84277344
1080.4901123	8574.64453125
1080.75561523	8562.68164063
1081.02111816	8575.34570313
1081.28674316	8548.97070313
1081.55224609	8545.41894531
1081.81774902	8447.47460938
1082.08325195	8433.36230469
1082.34887695	8391.33496094
1082.61437988	8454.10351563
1082.87988281	8547.12988281
1083.14538574	8201.57617188
1083.41088867	8305.6484375
1083.67651367	8408.00976563
1083.9420166	8392.29394531
1084.20751953	8280.609375
1084.47302246	8209.68554688
1084.73864746	8250.37988281
1085.00415039	8219.74316406
1085.26965332	8188.08544922
1085.53515625	8144.13476563
1085.80078125	8112.31054688
1086.06628418	8141.80371094
1086.33178711	8096.93554688
1086.59729004	8197.95996094
1086.86279297	8212.48632813
1087.12841797	8244.234375
1087.3939209	8129.87792969
1087.65942383	8158.17041016
1087.92492676	8427.97753906
1088.19055176	8148.28710938
1088.45605469	8128.47509766
1088.72155762	8049.6640625
1088.98706055	8101.87988281
1089.25268555	8044.57617188
1089.51818848	8003.74658203
1089.78369141	8095.57617188
1090.04919434	8094.55615234
1090.31481934	8080.81640625
1090.58032227	8120.546875
1090.8458252	8105.75341797
1091.11132813	8071.41552734
1091.37683105	8080.90478516
1091.64245605	8111.06982422
1091.90795898	8107.20751953
1092.17346191	8212.08007813
1092.43896484	8057.02099609
1092.70458984	8067.97900391
1092.97009277	8089.6953125
1093.2355957	8149.97802734
1093.50109863	8116.72119141
1093.76672363	8136.30273438
1094.03222656	8027.46826172
1094.29772949	8108.76123047
1094.56323242	8126.78662109
1094.82873535	8025.41357422
1095.09436035	7996.81445313
1095.35986328	7975.94726563
1095.62536621	8024.23779297
1095.89086914	8097.53320313
1096.15649414	8060.20458984
1096.42199707	8064.19091797
1096.6875	8115.50830078
1096.95300293	8102.34326172
1097.21862793	8111.90820313
1097.48413086	8127.23242188
1097.74963379	8056.32763672
1098.01513672	7968.33740234
1098.28063965	7940.01025391
1098.54626465	7865.64501953
1098.81176758	7916.29882813
1099.07727051	8046.22265625
1099.34277344	8023.28125
1099.60839844	8017.2890625
1099.87390137	8018.33740234
1100.1394043	7918.31445313
1100.40490723	7888.59375
1100.67053223	7911.46240234
1100.93603516	7900.72314453
1101.20153809	7873.39501953
1101.46704102	7899.46142578
1101.73266602	7899.83251953
1101.99816895	7771.59716797
1102.26367188	7933.77685547
1102.5291748	7931.30517578
1102.79467773	7852.34619141
1103.06030273	7749.61767578
1103.32580566	7897.49755859
1103.59130859	7859.44580078
1103.85681152	7862.57714844
1104.12243652	7827.44677734
1104.38793945	7989.5078125
1104.65344238	7954.70263672
1104.91894531	8000.65869141
1105.18457031	7841.94140625
1105.45007324	7787.35009766
1105.71557617	7736.29833984
1105.9810791	7697.11181641
1106.24658203	7693.85205078
1106.51220703	7717.2421875
1106.77770996	7726.22900391
1107.04321289	7634.67724609
1107.30871582	7640.04492188
1107.57434082	7680.33007813
1107.83984375	7760.38916016
1108.10534668	7739.65283203
1108.37084961	7711.15478516
1108.63647461	7650.19238281
1108.90197754	7588.30224609
1109.16748047	7676.47216797
1109.4329834	7660.88769531
1109.6986084	7525.0703125
1109.96411133	7577.73632813
1110.22961426	7557.41992188
1110.49511719	7536.50976563
1110.76062012	7435.63427734
1111.02624512	7469.23974609
1111.29174805	7602.17529297
1111.55725098	7541.85595703
1111.82275391	7418
1112.08837891	7458.56787109
1112.35388184	7501.60253906
1112.61938477	7510.1328125
1112.8848877	7579.04248047
1113.1505127	7506.9296875
1113.41601563	7669.54931641
1113.68151855	7724.45556641
1113.94702148	7526.22119141
1114.21252441	7439.12011719
1114.47814941	7583.00927734
1114.74365234	7719.54150391
1115.00915527	7523.34863281
1115.2746582	7499.18701172
1115.5402832	7556.53369141
1115.80578613	7570.10302734
1116.07128906	7607.59228516
1116.33679199	7624.73974609
1116.60241699	7594.85351563
1116.86791992	7534.34667969
1117.13342285	7583.09472656
1117.39892578	7593.64160156
1117.66442871	7519.67382813
1117.93005371	7534.48291016
1118.19555664	7514.55078125
1118.46105957	7577.92871094
1118.7265625	7583.546875
1118.9921875	7530.76025391
1119.25769043	7586.70751953
1119.52319336	7649.73242188
1119.78869629	7628.37792969
1120.05432129	7512.05615234
1120.31982422	7611.04052734
1120.58532715	7396.421875
1120.85083008	7421.86962891
1121.11645508	7531.54882813
1121.38195801	7414.43359375
1121.64746094	7548.22753906
1121.91296387	7572.76269531
1122.1784668	7553.85839844
1122.4440918	7485.64794922
1122.70959473	7495.21728516
1122.97509766	7503.47802734
1123.24060059	7431.94921875
1123.50622559	7443.45068359
1123.77172852	7462.12548828
1124.03723145	7466.53027344
1124.30273438	7382.65917969
1124.56835938	7394.48583984
1124.8338623	7454.70703125
1125.09936523	7359.51855469
1125.36486816	7487.14794922
1125.63037109	7319.28320313
1125.89599609	7371.02539063
1126.16149902	7396.51708984
1126.42700195	7453.70751953
1126.69250488	7475.93798828
1126.95812988	7353.14648438
1127.22363281	7422.97363281
1127.48913574	7468.01367188
1127.75463867	7407.09423828
1128.02026367	7433.16503906
1128.2857666	7404.28466797
1128.55126953	7434.13427734
1128.81677246	7489.79443359
1129.08239746	7363.07324219
1129.34790039	7316.67529297
1129.61340332	7445.62792969
1129.87890625	7426.63330078
1130.14440918	7308.17382813
1130.41003418	7432.58300781
1130.67553711	7482.69873047
1130.94104004	7494.15625
1131.20654297	7402.52050781
1131.47216797	7478.89013672
1131.7376709	7306.90869141
1132.00317383	7328.4453125
1132.26867676	7385.10351563
1132.53430176	7471.05615234
1132.79980469	7298.25146484
1133.06530762	7364.69189453
1133.33081055	7390.03710938
1133.59631348	7431.94140625
1133.86193848	7513.89697266
1134.12744141	7392.36035156
1134.39294434	7313.40332031
1134.65844727	7427.53222656
1134.92407227	7433.68457031
1135.1895752	7324.52392578
1135.45507813	7309.91894531
1135.72058105	7360.06347656
1135.98620605	7407.65039063
1136.25170898	7357.37304688
1136.51721191	7446.62060547
1136.78271484	7284.62744141
1137.04833984	7484.41357422
1137.31384277	7273.33691406
1137.5793457	7462.53466797
1137.84484863	7299.10986328
1138.11035156	7415.13476563
1138.37597656	7463.88330078
1138.64147949	7421.82324219
1138.90698242	7382.92041016
1139.17248535	7346.67773438
1139.43811035	7386.16894531
1139.70361328	7377.53515625
1139.96911621	7382.97509766
1140.23461914	7384.94287109
1140.50024414	7427.1484375
1140.76574707	7424.39990234
1141.03125	7423.34472656
1141.29675293	7520.16894531
1141.56225586	7456.17773438
1141.82788086	7434.69628906
1142.09338379	7451.24121094
1142.35888672	7474.13476563
1142.62438965	7453.97119141
1142.89001465	7556.74414063
1143.15551758	7330.12353516
1143.42102051	7353.24023438
1143.68652344	7461.24902344
1143.95214844	7715.05224609
1144.21765137	7487.36572266
1144.4831543	7487.21142578
1144.74865723	7622.87451172
1145.01416016	7511.88574219
1145.27978516	7462.58105469
1145.54528809	7479.97265625
1145.81079102	7534.38134766
1146.07629395	7585.68896484
1146.34191895	7621.27880859
1146.60742188	7617.61914063
1146.8729248	7578.51123047
1147.13842773	7551.31396484
1147.40405273	7588.06738281
1147.66955566	7616.25732422
1147.93505859	7517.30029297
1148.20056152	7485.14746094
1148.46618652	7451.33154297
1148.73168945	7566.39013672
1148.99719238	7676.89453125
1149.26269531	7516.98583984
1149.52819824	7593.13183594
1149.79382324	7628.51660156
1150.05932617	7666.04394531
1150.3248291	7586.38085938
1150.59033203	7536.54736328
1150.85595703	7562.81152344
1151.12145996	7656.24658203
1151.38696289	7587.93945313
1151.65246582	7697.88623047
1151.91809082	7748.23339844
1152.18359375	7572.9453125
1152.44909668	7530.73144531
1152.71459961	7648.10546875
1152.98010254	7682.18310547
1153.24572754	7668.67529297
1153.51123047	7630.38134766
1153.7767334	7623.77734375
1154.04223633	7738.61962891
1154.30786133	7731.23925781
1154.57336426	7738.49365234
1154.83886719	7557.09570313
1155.10437012	7717.29052734
1155.36999512	7641.91259766
1155.63549805	7698.52685547
1155.90100098	7697.67773438
1156.16650391	7822.10644531
1156.43212891	7756.01171875
1156.69763184	7867.30029297
1156.96313477	7741.98144531
1157.2286377	7834.72216797
1157.49414063	7786.39892578
1157.75976563	7861.08984375
1158.02526855	7900.55566406
1158.29077148	7971.91503906
1158.55627441	7981.06103516
1158.82189941	7960.49414063
1159.08740234	7974.75683594
1159.35290527	8067.91113281
1159.6184082	8139.73242188
1159.8840332	8133.86328125
1160.14953613	8204.89355469
1160.41503906	8314.06738281
1160.68054199	8247.03710938
1160.94604492	8134.14697266
1161.21166992	8183.87353516
1161.47717285	8280.62402344
1161.74267578	8351.31152344
1162.00817871	8444.06445313
1162.27380371	8389.54492188
1162.53930664	8324.80175781
1162.80480957	8511.61816406
1163.0703125	8427.36914063
1163.3359375	8352.90917969
1163.60144043	8300.8515625
1163.86694336	8458.75097656
1164.13244629	8337.7109375
1164.39794922	8363.70800781
1164.66357422	8380.29882813
1164.92907715	8339.66015625
1165.19458008	8321.63476563
1165.46008301	8323.19140625
1165.72570801	8333.41796875
1165.99121094	8374.53027344
1166.25671387	8399.79003906
1166.5222168	8400.46191406
1166.7878418	8421.63085938
1167.05334473	8432.88964844
1167.31884766	8400.87304688
1167.58435059	8375.83007813
1167.84997559	8378.78222656
1168.11547852	8289.78613281
1168.38098145	8477.73242188
1168.64648438	8313.49414063
1168.9119873	8332.54785156
1169.1776123	8276.12695313
1169.44311523	8260.7578125
1169.70861816	8384.44238281
1169.97412109	8310.19140625
1170.23974609	8213.53808594
1170.50524902	8271.44042969
1170.77075195	8291.19726563
1171.03625488	8260.25097656
1171.30187988	8077.69335938
1171.56738281	8122.95996094
1171.83288574	8225.11230469
1172.09838867	8127.54882813
1172.3638916	8081.82080078
1172.6295166	8120.73632813
1172.89501953	8103.16455078
1173.16052246	8118.57128906
1173.42602539	8125.76953125
1173.69165039	8072.19824219
1173.95715332	8152.87158203
1174.22265625	8210.70507813
1174.48815918	8080.83496094
1174.75378418	8176.43408203
1175.01928711	8265.42773438
1175.28479004	8261.95117188
1175.55029297	8220.46386719
1175.81591797	8125.38037109
1176.0814209	8244.15234375
1176.34692383	8198.90039063
1176.61242676	8034.68896484
1176.87792969	8214.43066406
1177.14355469	8283.515625
1177.40905762	8370.453125
1177.67456055	8270.13769531
1177.94006348	8276.26074219
1178.20568848	8148.09326172
1178.47119141	8240.17285156
1178.73669434	8191.00537109
1179.00219727	8336.69042969
1179.26782227	8380.75
1179.5333252	8273.43945313
1179.79882813	8212.29589844
1180.06433105	8260.75585938
1180.32983398	8337.08300781
1180.59545898	8354.20117188
1180.86096191	8275.51269531
1181.12646484	8140.03369141
1181.39196777	8177.41650391
1181.65759277	8370.85351563
1181.9230957	8324.27734375
1182.18859863	8179.17089844
1182.45410156	8147.58056641
1182.71972656	8219.15917969
1182.98522949	8210.04785156
1183.25073242	8218.04980469
1183.51623535	8099.74414063
1183.78186035	8202.46289063
1184.04736328	8222.23925781
1184.31286621	8101.25537109
1184.57836914	8193.19726563
1184.84387207	7995.22119141
1185.10949707	8042.84619141
1185.375	8161.40820313
1185.64050293	8022.18896484
1185.90600586	8008.30419922
1186.17163086	8111.38623047
1186.43713379	8100.10009766
1186.70263672	8061.53417969
1186.96813965	8029.30371094
1187.23376465	8023.36474609
1187.49926758	8018.64501953
1187.76477051	7977.54833984
1188.03027344	8035.00878906
1188.29577637	8126.67089844
1188.56140137	8058.29833984
1188.8269043	8024.83691406
1189.09240723	8045.26025391
1189.35791016	8011.52978516
1189.62353516	8176.48535156
1189.88903809	8068.36669922
1190.15454102	8044.24609375
1190.42004395	8025.76171875
1190.68566895	8008.25732422
1190.95117188	8026.23828125
1191.2166748	8077.68310547
1191.48217773	7949.92431641
1191.74768066	8005.09082031
1192.01330566	8021.59033203
1192.27880859	8171.15136719
1192.54431152	8143.11621094
1192.80981445	8150.52539063
1193.07543945	8058.85791016
1193.34094238	7981.8125
1193.60644531	8020.73681641
1193.87194824	7997.18310547
1194.13757324	8054.89892578
1194.40307617	7999.01220703
1194.6685791	7921.65771484
1194.93408203	8020.17480469
1195.19970703	8050.75146484
1195.46520996	7974.09619141
1195.73071289	7957.22460938
1195.99621582	7943.93994141
1196.26171875	7907.76660156
1196.52734375	7875.17871094
1196.79284668	7888.82958984
1197.05834961	7891.49609375
1197.32385254	7969.63574219
1197.58947754	7984.22607422
1197.85498047	7939.24511719
1198.1204834	8009.01171875
1198.38598633	8041.61132813
1198.65161133	7981.65722656
1198.91711426	7954.22412109
1199.18261719	7968.75439453
1199.44812012	8039.91113281
1199.71362305	7950.79931641
1199.97924805	7899.64599609
1200.24475098	7933.99707031
1200.51025391	7884.8203125
1200.77575684	7872.78173828
1201.04138184	7917.26367188
1201.30688477	7971.53808594
1201.5723877	7915.29052734
1201.83789063	7943.7265625
1202.10351563	8002.97851563
1202.36901855	7990.41894531
1202.63452148	7928.24658203
1202.90002441	7932.36523438
1203.16564941	7980.66943359
1203.43115234	8013.03125
1203.69665527	7990.37939453
1203.9621582	8007.62158203
1204.22766113	8109.31982422
1204.49328613	8094.06298828
1204.75878906	8096.18847656
1205.02429199	7951.80273438
1205.28979492	8029.61035156
1205.55541992	8164.76806641
1205.82092285	8055.50244141
1206.08642578	8029.265625
1206.35192871	8180.16943359
1206.61755371	8145.48486328
1206.88305664	7907.35351563
1207.14855957	8191.30029297
1207.4140625	7908.60595703
1207.67956543	8252.14257813
1207.94519043	8046.7265625
1208.21069336	8126.33496094
1208.47619629	8186.31933594
1208.74169922	8152.98681641
1209.00732422	8261.96289063
1209.27282715	8163.77441406
1209.53833008	8063.80175781
1209.80383301	8247.94140625
1210.06945801	8309.58691406
1210.33496094	8185.13769531
1210.60046387	8132.95800781
1210.8659668	8137.53027344
1211.13146973	8129.24414063
1211.39709473	8170.04980469
1211.66259766	8191.53515625
1211.92810059	8150.48535156
1212.19360352	8165.31591797
1212.45922852	8191.94384766
1212.72473145	8177.11523438
1212.99023438	8209.98046875
1213.2557373	8143.35107422
1213.5213623	8068.28173828
1213.78686523	8247.70605469
1214.05236816	8076.28857422
1214.31787109	8281.58789063
1214.58349609	8295.54003906
1214.84899902	8172.45117188
1215.11450195	8109.49902344
1215.38000488	8336.48632813
1215.64550781	8221.07421875
1215.91113281	8092.01269531
1216.17663574	8324.09472656
1216.44213867	8253.36523438
1216.7076416	8213.27050781
1216.9732666	8276.68652344
1217.23876953	8306.93945313
1217.50427246	8279.5546875
1217.76977539	8267.21679688
1218.03540039	8129.27050781
1218.30090332	8347.34082031
1218.56640625	8443.94726563
1218.83190918	8341.94921875
1219.09741211	8335.14257813
1219.36303711	8342.66113281
1219.62854004	8375.45996094
1219.89404297	8391.78125
1220.1595459	8414.69238281
1220.4251709	8411.828125
1220.69067383	8402.34570313
1220.95617676	8477.3828125
1221.22167969	8509.18457031
1221.48730469	8519.40429688
1221.75280762	8513.41210938
1222.01831055	8605.546875
1222.28381348	8512.79980469
1222.54943848	8347.18652344
1222.81494141	8405.75097656
1223.08044434	8461.08691406
1223.34594727	8530.77929688
1223.6114502	8469.89746094
1223.8770752	8456.015625
1224.14257813	8301.76855469
1224.40808105	8466.98339844
1224.67358398	8582.546875
1224.93920898	8512.03320313
1225.20471191	8413.12695313
1225.47021484	8359.07324219
1225.73571777	8510.39648438
1226.00134277	8477.20800781
1226.2668457	8430.25097656
1226.53234863	8530.77441406
1226.79785156	8481.73144531
1227.06335449	8486.99414063
1227.32897949	8480.41894531
1227.59448242	8549.93652344
1227.85998535	8500.36035156
1228.12548828	8451.76367188
1228.39111328	8379.03320313
1228.65661621	8387.96386719
1228.92211914	8420.12988281
1229.18762207	8493.40234375
1229.45324707	8535.95898438
1229.71875	8485.16113281
1229.98425293	8436.32324219
1230.24975586	8396.29589844
1230.51538086	8480.30761719
1230.78088379	8553.38964844
1231.04638672	8509.03222656
1231.31188965	8505.07910156
1231.57739258	8478.36425781
1231.84301758	8562.07226563
1232.10852051	8543.51464844
1232.37402344	8510.52539063
1232.63952637	8511.18457031
1232.90515137	8487.22851563
1233.1706543	8613.75585938
1233.43615723	8532.77050781
1233.70166016	8468.45605469
1233.96728516	8577.24804688
1234.23278809	8648.24609375
1234.49829102	8721.13574219
1234.76379395	8527.9921875
1235.02929688	8484.20703125
1235.29492188	8594.34277344
1235.5604248	8455.45996094
1235.82592773	8529.23242188
1236.09143066	8601.79492188
1236.35705566	8711.89257813
1236.62255859	8619.17675781
1236.88806152	8663.54003906
1237.15356445	8815.08691406
1237.41918945	8733.00585938
1237.68469238	8518.15625
1237.95019531	8575.63671875
1238.21569824	8660.12695313
1238.48120117	8674.34570313
1238.74682617	8689.34960938
1239.0123291	8708.90429688
1239.27783203	8699.97949219
1239.54333496	8658.67382813
1239.80895996	8699.93457031
1240.07446289	8817.28417969
1240.33996582	8784.62988281
1240.60546875	8573.54882813
1240.87109375	8638.22070313
1241.13659668	8781.6640625
1241.40209961	8627.99023438
1241.66760254	8719.28808594
1241.93322754	8800.203125
1242.19873047	8726.21191406
1242.4642334	8791.53320313
1242.72973633	8732.30859375
1242.99523926	8600.70019531
1243.26086426	8579.34277344
1243.52636719	8873.41015625
1243.79187012	8629.66699219
1244.05737305	8717.98144531
1244.32299805	8711.16796875
1244.58850098	8866.79296875
1244.85400391	8947.94726563
1245.11950684	8852.6171875
1245.38513184	8806.81542969
1245.65063477	8773.91210938
1245.9161377	8788.79980469
1246.18164063	8812.96191406
1246.44714355	8762.39941406
1246.71276855	8831.05273438
1246.97827148	8730.26367188
1247.24377441	8963.9921875
1247.50927734	8946.703125
1247.77490234	8873.51367188
1248.04040527	8875.60253906
1248.3059082	8837.55859375
1248.57141113	8852.72070313
1248.83703613	8926.43847656
1249.10253906	8897.44824219
1249.36804199	8945.34765625
1249.63354492	8940.44335938
1249.89916992	8868.06835938
1250.16467285	8941.57324219
1250.43017578	8958.98535156
1250.69567871	8936.38671875
1250.96118164	8922.75292969
1251.22680664	9006.203125
1251.49230957	9125.24414063
1251.7578125	9164.25585938
1252.02331543	9128.48632813
1252.28894043	9077.84082031
1252.55444336	9072.01074219
1252.81994629	9009.49902344
1253.08544922	8978.91894531
1253.35107422	8970.58007813
1253.61657715	8980.609375
1253.88208008	8950.91796875
1254.14758301	9138.78222656
1254.41308594	9111.50488281
1254.67871094	9216.92480469
1254.94421387	9122.375
1255.2097168	8989.96875
1255.47521973	9159.03320313
1255.74084473	9179.19628906
1256.00634766	9149.32714844
1256.27185059	9120.57128906
1256.53735352	9265.24023438
1256.80297852	9221.88476563
1257.06848145	9188.59277344
1257.33398438	9265.50390625
1257.5994873	9171.875
1257.8651123	9197.45214844
1258.13061523	9126.70996094
1258.39611816	9202.56445313
1258.66162109	9230.21191406
1258.92712402	9260.44726563
1259.19274902	9221.96777344
1259.45825195	9159.70605469
1259.72375488	9266.01171875
1259.98925781	9333.89453125
1260.25488281	9289.74511719
1260.52038574	9300.87597656
1260.78588867	9394.54394531
1261.0513916	9412.09960938
1261.3170166	9344.85742188
1261.58251953	9355.22753906
1261.84802246	9404.31933594
1262.11352539	9382.49902344
1262.37902832	9240.87792969
1262.64465332	9206.03222656
1262.91015625	9455.65039063
1263.17565918	9466.95117188
1263.44116211	9357.11230469
1263.70678711	9437.22753906
1263.97229004	9492.22070313
1264.23779297	9447.04003906
1264.5032959	9432.57519531
1264.7689209	9449.06445313
1265.03442383	9516.11523438
1265.29992676	9624.79492188
1265.56542969	9525.5
1265.83093262	9268.45507813
1266.09655762	9645.89648438
1266.36206055	9571.96484375
1266.62756348	9761.81933594
1266.89306641	9643.83496094
1267.15869141	9499.8125
1267.42419434	9510.97558594
1267.68969727	9450.39257813
1267.9552002	9482.62988281
1268.2208252	9662.58789063
1268.48632813	9861.45507813
1268.75183105	9501.13671875
1269.01733398	9691.14648438
1269.28295898	9778.30859375
1269.54846191	9781.13867188
1269.81396484	9597.70410156
1270.07946777	9668.39257813
1270.3449707	9751.22070313
1270.6105957	9645.59863281
1270.87609863	9665.75683594
1271.14160156	9803.18164063
1271.40710449	9694.20410156
1271.67272949	9705.45898438
1271.93823242	9710.38183594
1272.20373535	9704.25683594
1272.46923828	9703.33203125
1272.73486328	9756.62792969
1273.00036621	9853.64160156
1273.26586914	9879.86425781
1273.53137207	9824.67480469
1273.796875	9787.26757813
1274.0625	9840.0234375
1274.32800293	9850.38183594
1274.59350586	9815.79589844
1274.85900879	9773.30078125
1275.12463379	9816.80761719
1275.39013672	9944.73339844
1275.65563965	9927.00878906
1275.92114258	9774.24511719
1276.18676758	9847.58105469
1276.45227051	9878.96191406
1276.71777344	9834.15429688
1276.98327637	9852.85644531
1277.24890137	10075.8222656
1277.5144043	9938.27734375
1277.77990723	9980.81054688
1278.04541016	10036.4355469
1278.31091309	10030.6875
1278.57653809	10129.9228516
1278.84204102	10046.1074219
1279.10754395	10117.1796875
1279.37304688	10117.0185547
1279.63867188	9983.11914063
1279.9041748	10153.3291016
1280.16967773	9893.56054688
1280.43518066	9962.1171875
1280.70080566	9942.74609375
1280.96630859	10091.8271484
1281.23181152	9961.48535156
1281.49731445	10093.8134766
1281.76281738	9879.18652344
1282.02844238	10098.7070313
1282.29394531	10135.9335938
1282.55944824	10056.1826172
1282.82495117	10084.8662109
1283.09057617	10041.4697266
1283.3560791	10064.3427734
1283.62158203	10048.2050781
1283.88708496	10039.8378906
1284.15270996	10058.9257813
1284.41821289	10083.8017578
1284.68371582	10110.2617188
1284.94921875	10084.4638672
1285.21472168	10135.3701172
1285.48034668	10087.3847656
1285.74584961	10049.4599609
1286.01135254	10072.6337891
1286.27685547	10115.7167969
1286.54248047	10105.34375
1286.8079834	10071.5761719
1287.07348633	10156.4023438
1287.33898926	10174.9091797
1287.60461426	10075.0517578
1287.87011719	10056.6054688
1288.13562012	10134.4990234
1288.40112305	10286.8623047
1288.66674805	10289.2148438
1288.93225098	10161.0869141
1289.19775391	10177.3076172
1289.46325684	10206.7949219
1289.72875977	10275.4042969
1289.99438477	10089.4765625
1290.2598877	10254.0839844
1290.52539063	10087.0683594
1290.79089355	10217.1484375
1291.05651855	10253.0517578
1291.32202148	10177.0839844
1291.58752441	10258.9697266
1291.85302734	10103.6679688
1292.11865234	10076.9697266
1292.38415527	10202.7529297
1292.6496582	10165.0966797
1292.91516113	10135.0732422
1293.18066406	10259.7636719
1293.44628906	10199.5253906
1293.71179199	10078.0576172
1293.97729492	10211.2851563
1294.24279785	10377.5087891
1294.50842285	10168.1035156
1294.77392578	10355.5
1295.03942871	10176.3417969
1295.30493164	10082.5332031
1295.57055664	10070.4658203
1295.83605957	10251.8242188
1296.1015625	10209.3720703
1296.36706543	10082.5576172
1296.63269043	10280.9345703
1296.89819336	10174.2373047
1297.16369629	10249.15625
1297.42919922	10116.3310547
1297.69470215	10068.8525391
1297.96032715	10150.0927734
1298.22583008	10011.9199219
1298.49133301	10212.3457031
1298.75683594	10098.7763672
1299.02246094	10109.4160156
1299.28796387	10124.1855469
1299.5534668	10075.4384766
1299.81896973	10077.8154297
1300.08459473	10043.7617188
1300.35009766	10027.6191406
1300.61560059	10073.3193359
1300.88110352	9987.56542969
1301.14660645	9987.37207031
1301.41223145	10011.8076172
1301.67773438	10059.0517578
1301.9432373	10091.4628906
1302.20874023	9992.11523438
1302.47436523	9943.4375
1302.73986816	9892.796875
1303.00537109	9896.91015625
1303.27087402	9914.19433594
1303.53649902	9775.51171875
1303.80200195	9862.09667969
1304.06750488	9992.07617188
1304.33300781	9785.87402344
1304.59863281	9727.765625
1304.86413574	9861.19335938
1305.12963867	9935.62597656
1305.3951416	9992.19824219
1305.66064453	9939.10644531
1305.92626953	9967.93847656
1306.19177246	10004.1669922
1306.45727539	9922.77832031
1306.72277832	9890.2578125
1306.98840332	9840.14453125
1307.25390625	9893.93359375
1307.51940918	9940.8671875
1307.78491211	9896.18945313
1308.05053711	9870.52050781
1308.31604004	9946.88769531
1308.58154297	9938.6796875
1308.8470459	9886.09863281
1309.11254883	9955.27148438
1309.37817383	9915.703125
1309.64367676	9793.20214844
1309.90917969	9725.86816406
1310.17468262	9677.89648438
1310.44030762	9919.26855469
1310.70581055	9935.38085938
1310.97131348	9839.71777344
1311.23681641	9882.57714844
1311.50244141	9907.42675781
1311.76794434	9755.16308594
1312.03344727	9755.31054688
1312.2989502	9632.46386719
1312.56445313	9717.56054688
1312.83007813	9627.6484375
1313.09558105	9649.39648438
1313.36108398	9433.6484375
1313.62658691	9766.99804688
1313.89221191	9586.13964844
1314.15771484	9710.9765625
1314.42321777	9641.56640625
1314.6887207	9732.59570313
1314.9543457	9803.20507813
1315.21984863	9448.22265625
1315.48535156	9549.82128906
1315.75085449	9604.69824219
1316.01647949	9563.12988281
1316.28198242	9509.44824219
1316.54748535	9610.62304688
1316.81298828	9535.65039063
1317.07849121	9619.68847656
1317.34411621	9636.87695313
1317.60961914	9404.8828125
1317.87512207	9630.2890625
1318.140625	9524.94042969
1318.40625	9530.42871094
1318.67175293	9452.80273438
1318.93725586	9653.38183594
1319.20275879	9574.54882813
1319.46838379	9340.36328125
1319.73388672	9445.88574219
1319.99938965	9413.25585938
1320.26489258	9492.32226563
1320.53039551	9564.56347656
1320.79602051	9548.49414063
1321.06152344	9588.73046875
1321.32702637	9584.44433594
1321.5925293	9515.39453125
1321.8581543	9441.12792969
1322.12365723	9474.71582031
1322.38916016	9446.62109375
1322.65466309	9423.64550781
1322.92028809	9607.50292969
1323.18579102	9661.07617188
1323.45129395	9552.41796875
1323.71679688	9590.18261719
1323.98242188	9525.74121094
1324.2479248	9378
1324.51342773	9453.61132813
1324.77893066	9419.015625
1325.04443359	9309.2578125
1325.31005859	9344.53808594
1325.57556152	9343.6015625
1325.84106445	9388.69824219
1326.10656738	9408.68554688
1326.37219238	9388.96289063
1326.63769531	9339.73632813
1326.90319824	9383.42089844
1327.16870117	9413.71777344
1327.43432617	9357.90820313
1327.6998291	9392.27832031
1327.96533203	9389.67578125
1328.23083496	9300.71875
1328.49633789	9233.69921875
1328.76196289	9252.125
1329.02746582	9510.75585938
1329.29296875	9363.03417969
1329.55847168	9185.55566406
1329.82409668	9121.52832031
1330.08959961	9213.87890625
1330.35510254	9333.44238281
1330.62060547	9347.23925781
1330.88623047	9259.734375
1331.1517334	9305.61035156
1331.41723633	9313.90039063
1331.68273926	9253.81933594
1331.94824219	9233.71484375
1332.21386719	9154.8046875
1332.47937012	9244.09375
1332.74487305	9304.08007813
1333.01037598	9259.68652344
1333.27600098	9295.4609375
1333.54150391	9366.89453125
1333.80700684	9271.93261719
1334.07250977	9231.046875
1334.33813477	9435.58203125
1334.6036377	9419.11621094
1334.86914063	9410.89550781
1335.13464355	9441.17675781
1335.40026855	9247.8046875
1335.66577148	9420.08886719
1335.93127441	9291.640625
1336.19677734	9397.28613281
1336.46228027	9368.72558594
1336.72790527	9417.17773438
1336.9934082	9260.6328125
1337.25891113	9287.625
1337.52441406	9435.57421875
1337.79003906	9373.17480469
1338.05554199	9331.67480469
1338.32104492	9226.46386719
1338.58654785	9477.76855469
1338.85217285	9323.05761719
1339.11767578	9454.24316406
1339.38317871	9452.11425781
1339.64868164	9224.93652344
1339.91418457	9488.25390625
1340.17980957	9319.67089844
1340.4453125	9342.88378906
1340.71081543	9194
1340.97631836	9232.25292969
1341.24194336	9394.15917969
1341.50744629	9211.59277344
1341.77294922	9176.15234375
1342.03845215	9420.91992188
1342.30407715	9203.96484375
1342.56958008	9203.39941406
1342.83508301	9308.50097656
1343.10058594	9339.71777344
1343.36621094	9312.30175781
1343.63171387	9288.3203125
1343.8972168	9265.14746094
1344.16271973	9316.72167969
1344.42822266	9169.28417969
1344.69384766	9184.29882813
1344.95935059	9077.30273438
1345.22485352	9278.58789063
1345.49035645	9359.7421875
1345.75598145	9326.97265625
1346.02148438	9153.92871094
1346.2869873	9212.20019531
1346.55249023	9160.61621094
1346.81811523	9200.5859375
1347.08361816	9386.23925781
1347.34912109	9303.98828125
1347.61462402	9288.25390625
1347.88012695	9184.03613281
1348.14575195	9224.8046875
1348.41125488	9329.63183594
1348.67675781	9342.85839844
1348.94226074	9334.34472656
1349.20788574	9313.21386719
1349.47338867	9307.13476563
1349.7388916	9260.55957031
1350.00439453	9303.35351563
1350.27001953	9507.23046875
1350.53552246	9437.70507813
1350.80102539	9353.50878906
1351.06652832	9411.14257813
1351.33215332	9354.24316406
1351.59765625	9390.97363281
1351.86315918	9402.66503906
1352.12866211	9401.45214844
1352.39416504	9405.73632813
1352.65979004	9474.09667969
1352.92529297	9424.15136719
1353.1907959	9356.10839844
1353.45629883	9426.70507813
1353.72192383	9436.71289063
1353.98742676	9365.87011719
1354.25292969	9343.85351563
1354.51843262	9399.39550781
1354.78405762	9413.31738281
1355.04956055	9368.72949219
1355.31506348	9403.14941406
1355.58056641	9375.91699219
1355.84606934	9352.84863281
1356.11169434	9438.75390625
1356.37719727	9456.81542969
1356.6427002	9411.90429688
1356.90820313	9384.81933594
1357.17382813	9409.94433594
1357.43933105	9467.81640625
1357.70483398	9347.44140625
1357.97033691	9144.71289063
1358.23596191	9262.78515625
1358.50146484	9330.14550781
1358.76696777	9307.44335938
1359.0324707	9447.94921875
1359.29797363	9370.65332031
1359.56359863	9215.68945313
1359.82910156	9291.31152344
1360.09460449	9418.89355469
1360.36010742	9388.15429688
1360.62573242	9370.1953125
1360.89123535	9394.87011719
1361.15673828	9412.19238281
1361.42224121	9413.99511719
1361.68786621	9519.61328125
1361.95336914	9479.81933594
1362.21887207	9359.58691406
1362.484375	9371.68652344
1362.75	9331.95507813
1363.01550293	9382.76953125
1363.28100586	9449.78222656
1363.54650879	9504.35253906
1363.81201172	9459.49707031
1364.07763672	9317.42871094
1364.34313965	9353.17675781
1364.60864258	9462.09667969
1364.87414551	9384.63476563
1365.13977051	9381.7578125
1365.40527344	9494.3125
1365.67077637	9353.22949219
1365.9362793	9437.44628906
1366.2019043	9452.52929688
1366.46740723	9392.32226563
1366.73291016	9363.50097656
1366.99841309	9319.4765625
1367.26391602	9367.3125
1367.52954102	9355.65332031
1367.79504395	9402.40917969
1368.06054688	9424.62304688
1368.3260498	9339.89160156
1368.5916748	9297.22167969
1368.85717773	9249.43945313
1369.12268066	9227.08789063
1369.38818359	9355.13476563
1369.65380859	9305.8671875
1369.91931152	9354.42773438
1370.18481445	9353.08007813
1370.45031738	9412.04980469
1370.71594238	9131.47167969
1370.98144531	9250.79785156
1371.24694824	9266.4140625
1371.51245117	9231.86328125
1371.7779541	9243.40136719
1372.0435791	9231.24121094
1372.30908203	9230.65527344
1372.57458496	9124.12109375
1372.84008789	9085.29492188
1373.10571289	9199.69140625
1373.37121582	9169.22949219
1373.63671875	9218.36914063
1373.90222168	9116.55371094
1374.16784668	9212.60839844
1374.43334961	9213.43164063
1374.69885254	9283.89648438
1374.96435547	9330.81152344
1375.2298584	9213.3984375
1375.4954834	9258.43457031
1375.76098633	9242.24316406
1376.02648926	9226.27636719
1376.29199219	9167.97558594
1376.55761719	9258.87695313
1376.82312012	9337.51855469
1377.08862305	9252.41503906
1377.35412598	9223.00585938
1377.61975098	9261.65820313
1377.88525391	9125.15332031
1378.15075684	9189.95019531
1378.41625977	9208.21386719
1378.6817627	9173.66796875
1378.9473877	9129.23339844
1379.21289063	9243.65527344
1379.47839355	9297.21972656
1379.74389648	9213.95117188
1380.00952148	9258.61328125
1380.27502441	9285.50585938
1380.54052734	9376.25683594
1380.80603027	9197.59863281
1381.07165527	9113.26660156
1381.3371582	9113.4609375
1381.60266113	9188.99511719
1381.86816406	9004.703125
1382.13378906	9228.04589844
1382.39929199	9396.44335938
1382.66479492	9253.27832031
1382.93029785	9151.046875
1383.19580078	9312.71875
1383.46142578	9366.47949219
1383.72692871	9325.99609375
1383.99243164	9246.65136719
1384.25793457	9177.05273438
1384.52355957	9160.28320313
1384.7890625	9192.96386719
1385.05456543	9179.80957031
1385.32006836	9129.22460938
1385.58569336	9089.96875
1385.85119629	9222.89941406
1386.11669922	9037.40234375
1386.38220215	9172.60351563
1386.64770508	9095.73925781
1386.91333008	9086.09179688
1387.17883301	9189.64257813
1387.44433594	9068.84570313
1387.70983887	9055.15527344
1387.97546387	9062.93066406
1388.2409668	9193.40820313
1388.50646973	9209.34472656
1388.77197266	9227.703125
1389.03759766	9164.90332031
1389.30310059	9097.54980469
1389.56860352	8920.53417969
1389.83410645	8926.03710938
1390.09973145	8982.5625
1390.36523438	9204.91210938
1390.6307373	9095.00195313
1390.89624023	9125.91699219
1391.16174316	9092.16210938
1391.42736816	9085.66015625
1391.69287109	9205.71777344
1391.95837402	9193.58203125
1392.22387695	9126.79394531
1392.48950195	9137.78125
1392.75500488	9142.66015625
1393.02050781	9163.87011719
1393.28601074	9214.03710938
1393.55163574	9121.51953125
1393.81713867	9137.84960938
1394.0826416	9066.39355469
1394.34814453	9130.45605469
1394.61364746	9185.05957031
1394.87927246	9159.6953125
1395.14477539	9254.453125
1395.41027832	9145.33300781
1395.67578125	9109.84082031
1395.94140625	9239.10644531
1396.20690918	9173.73535156
1396.47241211	9214.56152344
1396.73791504	9149.16601563
1397.00354004	9374.29980469
1397.26904297	9128.96972656
1397.5345459	9145.38769531
1397.80004883	9149.89453125
1398.06567383	9215.78125
1398.33117676	9173.8671875
1398.59667969	9058.34277344
1398.86218262	9137.05664063
1399.12768555	9118.20117188
1399.39331055	9144.1015625
1399.65881348	9096.73242188
1399.92431641	9134.85546875
1400.18981934	9207.05273438
1400.45544434	9167.61425781
1400.72094727	9229.02148438
1400.9864502	9277.63574219
1401.25195313	9079.43945313
1401.51757813	9125.57714844
1401.78308105	9136.15917969
1402.04858398	9220.47753906
1402.31408691	9107.86914063
1402.57958984	9205.92285156
1402.84521484	9283.26464844
1403.11071777	9217.55761719
1403.3762207	9251.5625
1403.64172363	9224.03027344
1403.90734863	9207.73339844
1404.17285156	9289.6796875
1404.43835449	9248.86328125
1404.70385742	9230.35742188
1404.96948242	9219.42480469
1405.23498535	9272.71679688
1405.50048828	9216.65429688
1405.76599121	9275.53710938
1406.03149414	9263.46289063
1406.29711914	9357.69921875
1406.56262207	9397.26953125
1406.828125	9295.16308594
1407.09362793	9344.19726563
1407.35925293	9343.79589844
1407.62475586	9250.99804688
1407.89025879	9236.3828125
1408.15576172	9225.76757813
1408.42138672	9384.46289063
1408.68688965	9390.56347656
1408.95239258	9314.02246094
1409.21789551	9328.31835938
1409.48352051	9295.89355469
1409.74902344	9380.11914063
1410.01452637	9414.66113281
1410.2800293	9449.48535156
1410.54553223	9426.58105469
1410.81115723	9285.734375
1411.07666016	9244.28222656
1411.34216309	9311.64160156
1411.60766602	9270.94824219
1411.87329102	9188.23144531
1412.13879395	9256.12695313
1412.40429688	9254.80761719
1412.6697998	9213.39257813
1412.9354248	9287.41796875
1413.20092773	9292.54394531
1413.46643066	9297.93652344
1413.73193359	9299.26269531
1413.99743652	9184.44335938
1414.26306152	9262.62011719
1414.52856445	9286.23046875
1414.79406738	9288.31054688
1415.05957031	9371.296875
1415.32519531	9413.78808594
1415.59069824	9333.12207031
1415.85620117	9423.58496094
1416.1217041	9430.13964844
1416.3873291	9391.08496094
1416.65283203	9368.33691406
1416.91833496	9281.9140625
1417.18383789	9338.34667969
1417.44946289	9338.25878906
1417.71496582	9334.16796875
1417.98046875	9392.0703125
1418.24597168	9366.59277344
1418.51147461	9277.52441406
1418.77709961	9342.53613281
1419.04260254	9371.953125
1419.30810547	9291.75195313
1419.5736084	9327.63378906
1419.8392334	9406.22363281
1420.10473633	9408.875
1420.37023926	9324.22558594
1420.63574219	9430.75585938
1420.90136719	9371.27441406
1421.16687012	9427.64160156
1421.43237305	9511.4609375
1421.69787598	9469.4765625
1421.96337891	9549.25097656
1422.22900391	9463.59765625
1422.49450684	9483.75488281
1422.76000977	9280.83007813
1423.0255127	9342.58398438
1423.2911377	9469.33691406
1423.55664063	9351.21875
1423.82214355	9402.90136719
1424.08764648	9340.90527344
1424.35327148	9342.22363281
1424.61877441	9384.90332031
1424.88427734	9522.74023438
1425.14978027	9465.90332031
1425.4152832	9418.64453125
1425.6809082	9449.7734375
1425.94641113	9515.5390625
1426.21191406	9569.41992188
1426.47741699	9497.79394531
1426.74304199	9520.69921875
1427.00854492	9512.47070313
1427.27404785	9466.76660156
1427.53955078	9287.12109375
1427.80517578	9616.45605469
1428.07067871	9582.10058594
1428.33618164	9319.79394531
1428.60168457	9296.33886719
1428.86730957	9558.64257813
1429.1328125	9471.22558594
1429.39831543	9351.76464844
1429.66381836	9459.32519531
1429.92932129	9412.42089844
1430.19494629	9421.02832031
1430.46044922	9524.91113281
1430.72595215	9284.09667969
1430.99145508	9576.51171875
1431.25708008	9520.84570313
1431.52258301	9546.52832031
1431.78808594	9582.328125
1432.05358887	9592.31445313
1432.31921387	9385.04882813
1432.5847168	9688.14746094
1432.85021973	9393.25195313
1433.11572266	9437.58007813
1433.38122559	9538.22460938
1433.64685059	9608.83984375
1433.91235352	9587.05566406
1434.17785645	9628.78808594
1434.44335938	9512.765625
1434.70898438	9601.74707031
1434.9744873	9679.19824219
1435.23999023	9563.5
1435.50549316	9732.42675781
1435.77111816	9560.1875
1436.03662109	9552.45996094
1436.30212402	9700.35839844
1436.56762695	9594.51074219
1436.83325195	9551.48730469
1437.09875488	9589.53417969
1437.36425781	9497.28125
1437.62976074	9635.39550781
1437.89526367	9667.86230469
1438.16088867	9638.625
1438.4263916	9663.98046875
1438.69189453	9598.64257813
1438.95739746	9664.31445313
1439.22302246	9788.44824219
1439.48852539	9709.55371094
1439.75402832	9692.70019531
1440.01953125	9658.70898438
1440.28515625	9673.2578125
1440.55065918	9792.12695313
1440.81616211	9765.80371094
1441.08166504	9707.78320313
1441.34716797	9740.3984375
1441.61279297	9694.02539063
1441.8782959	9738.0703125
1442.14379883	9732.07910156
1442.40930176	9695.265625
1442.67492676	9703.36425781
1442.94042969	9656.79882813
1443.20593262	9661.69433594
1443.47143555	9671.51074219
1443.73706055	9687.72265625
1444.00256348	9640.85449219
1444.26806641	9627.18359375
1444.53356934	9692.015625
1444.79919434	9712.14257813
1445.06469727	9724.57421875
1445.3302002	9707.48144531
1445.59570313	9702.13085938
1445.86120605	9695.51464844
1446.12683105	9593.3203125
1446.39233398	9668.30957031
1446.65783691	9746
1446.92333984	9672.28613281
1447.18896484	9697.078125
1447.45446777	9705.18945313
1447.7199707	9698.14257813
1447.98547363	9668.46289063
1448.25109863	9797.54785156
1448.51660156	9768.00195313
1448.78210449	9653.93847656
1449.04760742	9676.73535156
1449.31311035	9607.44433594
1449.57873535	9681.39160156
1449.84423828	9590.11523438
1450.10974121	9579.74023438
1450.37524414	9593.171875
1450.64086914	9579.26757813
1450.90637207	9735.3359375
1451.171875	9592.33984375
1451.43737793	9754.70507813
1451.70300293	9762.91796875
1451.96850586	9785.07714844
1452.23400879	9830.62402344
1452.49951172	9616.55859375
1452.76501465	9762.40136719
1453.03063965	9716.296875
1453.29614258	9779.11425781
1453.56164551	9692.83984375
1453.82714844	9480.66210938
1454.09277344	9750.59179688
1454.35827637	9765.85449219
1454.6237793	9647.78027344
1454.88928223	9671.58007813
1455.15490723	9595.00390625
1455.42041016	9754.20800781
1455.68591309	9866.34179688
1455.95141602	9725.25
1456.21704102	9752.60351563
1456.48254395	9692.58203125
1456.74804688	9692.94042969
1457.0135498	9560.97070313
1457.27905273	9647.64941406
1457.54467773	9675.51074219
1457.81018066	9601.1640625
1458.07568359	9786.4765625
1458.34118652	9769.90625
1458.60681152	9675.12890625
1458.87231445	9779.23828125
1459.13781738	9787.98339844
1459.40332031	9771.22460938
1459.66894531	9840.79394531
1459.93444824	9855.41796875
1460.19995117	9873.08105469
1460.4654541	9827.68164063
1460.73095703	9880.71582031
1460.99658203	9838.56542969
1461.26208496	9703.90722656
1461.52758789	9724.57617188
1461.79309082	9804.67382813
1462.05871582	9883.20410156
1462.32421875	9802.97070313
1462.58972168	9849.31738281
1462.85522461	9812.62402344
1463.12084961	9744.0234375
1463.38635254	9807.17382813
1463.65185547	9851.22167969
1463.9173584	9932.24414063
1464.1829834	9929.22070313
1464.44848633	9913.57324219
1464.71398926	9974.84472656
1464.97949219	9809.765625
1465.24499512	9906.29980469
1465.51062012	9928.12792969
1465.77612305	9854.37109375
1466.04162598	9802.16210938
1466.30712891	9837.77929688
1466.57275391	9839.85839844
1466.83825684	9906.10644531
1467.10375977	9845.36816406
1467.3692627	9836.66796875
1467.6348877	10013.9160156
1467.90039063	9970.88671875
1468.16589355	10060.6611328
1468.43139648	10133.1279297
1468.69689941	10057.7470703
1468.96252441	10009.6044922
1469.22802734	10075.8535156
1469.49353027	10114.5507813
1469.7590332	10136.9140625
1470.0246582	10094.0361328
1470.29016113	10075.3544922
1470.55566406	10012.1367188
1470.82116699	10118.84375
1471.08679199	10139.9912109
1471.35229492	10106.0058594
1471.61779785	10141.2666016
1471.88330078	10160.7900391
1472.14880371	10230.2050781
1472.41442871	10085.0449219
1472.67993164	10127.8994141
1472.94543457	10193.2822266
1473.2109375	10141.0419922
1473.4765625	10215.1455078
1473.74206543	10268.1064453
1474.00756836	10240.8291016
1474.27307129	10234.6279297
1474.53869629	10245.5332031
1474.80419922	10251.9384766
1475.06970215	10327.1962891
1475.33520508	10300.3828125
1475.60083008	10247.1777344
1475.86633301	10227.9853516
1476.13183594	10258.5615234
1476.39733887	10316.1376953
1476.6628418	10214.2675781
1476.9284668	10271.9970703
1477.19396973	10356.1308594
1477.45947266	10327.2724609
1477.72497559	10352.1220703
1477.99060059	10278.9140625
1478.25610352	10305.0800781
1478.52160645	10320.3056641
1478.78710938	10337.1318359
1479.05273438	10332.4335938
1479.3182373	10271.8515625
1479.58374023	10368.9853516
1479.84924316	10309.6542969
1480.11474609	10427.4111328
1480.38037109	10329.8525391
1480.64587402	10353.0117188
1480.91137695	10454.6396484
1481.17687988	10342.8144531
1481.44250488	10304.9042969
1481.70800781	10378.7978516
1481.97351074	10327.7001953
1482.23901367	10450.125
1482.50463867	10439.2919922
1482.7701416	10378.1738281
1483.03564453	10289.671875
1483.30114746	10291.4033203
1483.56677246	10326.7041016
1483.83227539	10383.8271484
1484.09777832	10246.8876953
1484.36328125	10287.5410156
1484.62878418	10192.1533203
1484.89440918	10405.7080078
1485.15991211	10277.4990234
1485.42541504	10341.3642578
1485.69091797	10460.4199219
1485.95654297	10351.5654297
1486.2220459	10396.1542969
1486.48754883	10354.5878906
1486.75305176	10272.5537109
1487.01867676	10345.9033203
1487.28417969	10325.4580078
1487.54968262	10244.7314453
1487.81518555	10310.8212891
1488.08068848	10332.8623047
1488.34631348	10390.5683594
1488.61181641	10344.4990234
1488.87731934	10443.6191406
1489.14282227	10387.9951172
1489.40844727	10304.5175781
1489.6739502	10305.6767578
1489.93945313	10299.5341797
1490.20495605	10188.3613281
1490.47058105	10370.8232422
1490.73608398	10433.3662109
1491.00158691	10418.2148438
1491.26708984	10317.4082031
1491.53271484	10356.2431641
1491.79821777	10338.4443359
1492.0637207	10337.90625
1492.32922363	10242.0839844
1492.59472656	10270.2460938
1492.86035156	10347.5263672
1493.12585449	10273.3837891
1493.39135742	10316.8818359
1493.65686035	10341.7119141
1493.92248535	10393.6494141
1494.18798828	10177.5283203
1494.45349121	10265.3359375
1494.71899414	10208.4726563
1494.98461914	10352.9589844
1495.25012207	10281.6396484
1495.515625	10197.2714844
1495.78112793	10300.0126953
1496.04663086	10289.4501953
1496.31225586	10355.2753906
1496.57775879	10360.5185547
1496.84326172	10407.125
1497.10876465	10435.3408203
1497.37438965	10422.3535156
1497.63989258	10296.6259766
1497.90539551	10329.3857422
1498.17089844	10417.6074219
1498.43652344	10380.9189453
1498.70202637	10433.9677734
1498.9675293	10443.2626953
1499.23303223	10401.0703125
1499.49853516	10572.0976563
1499.76416016	10413.7851563
1500.02966309	10511.7890625
1500.29516602	10497.0810547
1500.56066895	10629.5117188
1500.82629395	10486.5029297
1501.09179688	10499.7929688
1501.3572998	10602.7080078
1501.62280273	10615.8115234
1501.88842773	10575.8154297
1502.15393066	10571.3867188
1502.41943359	10616.1240234
1502.68493652	10789.9042969
1502.95056152	10574.1015625
1503.21606445	10583.5683594
1503.48156738	10611.9648438
1503.74707031	10509.6630859
1504.01257324	10669.4072266
1504.27819824	10578.2910156
1504.54370117	10499.7021484
1504.8092041	10560.2626953
1505.07470703	10618.1083984
1505.34033203	10796.2646484
1505.60583496	10620.6835938
1505.87133789	10633.28125
1506.13684082	10681.3222656
1506.40246582	10726.3164063
1506.66796875	10632.8486328
1506.93347168	10664.4833984
1507.19897461	10554.6416016
1507.46447754	10597.3964844
1507.73010254	10681.1826172
1507.99560547	10761.2529297
1508.2611084	10758.7480469
1508.52661133	10619.2119141
1508.79223633	10694.2841797
1509.05773926	10549.0683594
1509.32324219	10558.8554688
1509.58874512	10803.4658203
1509.85437012	10715.2978516
1510.11987305	10720.6044922
1510.38537598	10753.8056641
1510.65087891	10861.71875
1510.91650391	10828.5498047
1511.18200684	10874.8085938
1511.44750977	10852.7226563
1511.7130127	10863.1962891
1511.97851563	10822.8632813
1512.24414063	10860.0517578
1512.50964355	10871.2314453
1512.77514648	10903.4902344
1513.04064941	10985.0488281
1513.30627441	10749.1435547
1513.57177734	10937.5683594
1513.83728027	10888.1542969
1514.1027832	10866.6943359
1514.3684082	11084.1289063
1514.63391113	10965.8964844
1514.89941406	10879.9560547
1515.16491699	10994.3105469
1515.43041992	11002.9501953
1515.69604492	11008.8554688
1515.96154785	11070.3378906
1516.22705078	11099.2138672
1516.49255371	11085.5693359
1516.75817871	11024.9833984
1517.02368164	11031.4111328
1517.28918457	10994.4667969
1517.5546875	11045.2636719
1517.8203125	11110.2460938
1518.08581543	11012.7353516
1518.35131836	11018.6523438
1518.61682129	11048.6220703
1518.88232422	11058.9814453
1519.14794922	11104.0966797
1519.41345215	10958.5800781
1519.67895508	11010.3574219
1519.94445801	11101.4619141
1520.21008301	11091.8154297
1520.47558594	11134.5458984
1520.74108887	11201.1650391
1521.0065918	11084.2236328
1521.2722168	11106.6630859
1521.53771973	11049.7832031
1521.80322266	11031.6962891
1522.06872559	11047.9521484
1522.33435059	11161.5458984
1522.59985352	11179.9257813
1522.86535645	11218.1601563
1523.13085938	11197.5585938
1523.3963623	11155.7880859
1523.6619873	11296.7714844
1523.92749023	11331.0361328
1524.19299316	11246.4541016
1524.45849609	11142.0751953
1524.72412109	11153.1962891
1524.98962402	11359.9228516
1525.25512695	11307.8203125
1525.52062988	11244.6884766
1525.78625488	11404.5498047
1526.05175781	11338.6582031
1526.31726074	11329.1425781
1526.58276367	11368.8300781
1526.8482666	11347.6376953
1527.1138916	11326.6582031
1527.37939453	11293.1054688
1527.64489746	11232.9511719
1527.91040039	11357.7333984
1528.17602539	11417.6591797
1528.44152832	11389.0400391
1528.70703125	11539.9199219
1528.97253418	11488.4443359
1529.23815918	11375.9121094
1529.50366211	11339.3554688
1529.76916504	11438.7119141
1530.03466797	11449.4345703
1530.30029297	11502.2900391
1530.5657959	11523.9560547
1530.83129883	11471.640625
1531.09680176	11531.8037109
1531.36230469	11561.0898438
1531.62792969	11533.8164063
1531.89343262	11522.96875
1532.15893555	11494.9785156
1532.42443848	11429.7958984
1532.69006348	11547.7861328
1532.95556641	11579.3242188
1533.22106934	11708.5810547
1533.48657227	11670.1240234
1533.75219727	11493.8466797
1534.0177002	11572.4501953
1534.28320313	11488.5087891
1534.54870605	11534.0859375
1534.81420898	11530.9736328
1535.07983398	11504.453125
1535.34533691	11476.8037109
1535.61083984	11538.3535156
1535.87634277	11515.0546875
1536.14196777	11506.8242188
1536.4074707	11544.9394531
1536.67297363	11634.5019531
1536.93847656	11698.1796875
1537.20410156	11707.4355469
1537.46960449	11649.7265625
1537.73510742	11543.8691406
1538.00061035	11638.3730469
1538.26623535	11664.2919922
1538.53173828	11594.8105469
1538.79724121	11772.9619141
1539.06274414	11637.9189453
1539.32824707	11614.2978516
1539.59387207	11783.0898438
1539.859375	11762.1611328
1540.12487793	11897.1669922
1540.39038086	11770.25
1540.65600586	11948.7050781
1540.92150879	11763.7177734
1541.18701172	11820.6806641
1541.45251465	11788.5429688
1541.71813965	11746.3857422
1541.98364258	11922.8818359
1542.24914551	11979.9833984
1542.51464844	11720.3642578
1542.78015137	11927.6982422
1543.04577637	11839.9511719
1543.3112793	12030.4423828
1543.57678223	12035.6269531
1543.84228516	12092.4492188
1544.10791016	12120.3242188
1544.37341309	11962.8535156
1544.63891602	12019.5195313
1544.90441895	12172.2431641
1545.17004395	12176.3623047
1545.43554688	11975.3466797
1545.7010498	12061.7460938
1545.96655273	12091.5537109
1546.23205566	12128.7226563
1546.49768066	11995.9199219
1546.76318359	12119.4199219
1547.02868652	12136.9179688
1547.29418945	12067.6035156
1547.55981445	12179.2958984
1547.82531738	12058.53125
1548.09082031	12104.8828125
1548.35632324	12377.9414063
1548.62194824	12313.6542969
1548.88745117	12320.2597656
1549.1529541	12076.3056641
1549.41845703	12217.8789063
1549.68408203	12371.9648438
1549.94958496	12254.2773438
1550.21508789	12319.3212891
1550.48059082	12440.7587891
1550.74609375	12465.3994141
1551.01171875	12436.1455078
1551.27722168	12489.0546875
1551.54272461	12413.6289063
1551.80822754	12386.8691406
1552.07385254	12557.4394531
1552.33935547	12578.0019531
1552.6048584	12525.2978516
1552.87036133	12675.5332031
1553.13598633	12696.9599609
1553.40148926	12689.3916016
1553.66699219	12709.8525391
1553.93249512	12672.3964844
1554.19799805	12662.4257813
1554.46362305	12689.5634766
1554.72912598	12747.1689453
1554.99462891	12778.7304688
1555.26013184	12857.9296875
1555.52575684	12927.4912109
1555.79125977	12954.4648438
1556.0567627	13095.3798828
1556.32226563	13012.0615234
1556.58789063	13059.4130859
1556.85339355	13122.484375
1557.11889648	13195.3447266
1557.38439941	13159.0917969
1557.65002441	13103.7167969
1557.91552734	13142.5742188
1558.18103027	13152.7158203
1558.4465332	13204.0058594
1558.71203613	13288.1611328
1558.97766113	13444.3066406
1559.24316406	13286.2041016
1559.50866699	13425.1630859
1559.77416992	13379.4257813
1560.03979492	13525.3076172
1560.30529785	13485.2451172
1560.57080078	13461.2587891
1560.83630371	13582.8115234
1561.10192871	13653.9003906
1561.36743164	13507.078125
1561.63293457	13562.6835938
1561.8984375	13868.1816406
1562.16394043	13804.5791016
1562.42956543	13764.1992188
1562.69506836	13961.7988281
1562.96057129	13704.9208984
1563.22607422	13871.9433594
1563.49169922	13787.8242188
1563.75720215	13944.1699219
1564.02270508	13850.6308594
1564.28820801	14066.3847656
1564.55383301	14072.5957031
1564.81933594	14189.4619141
1565.08483887	14267.2753906
1565.3503418	14248.2714844
1565.6159668	14223.1748047
1565.88146973	14548.0322266
1566.14697266	14166.7792969
1566.41247559	14435.3535156
1566.67797852	14525.6962891
1566.94360352	14674.4326172
1567.20910645	14546.3896484
1567.47460938	14551.2792969
1567.7401123	14571.2373047
1568.0057373	14632.2167969
1568.27124023	14671.4550781
1568.53674316	14675.5244141
1568.80224609	14723.5166016
1569.06787109	14597.2148438
1569.33337402	14766.0517578
1569.59887695	14782.1240234
1569.86437988	14829.1601563
1570.12988281	14764.9677734
1570.39550781	14815.9482422
1570.66101074	14952.4501953
1570.92651367	14961.9091797
1571.1920166	14853.4140625
1571.4576416	15016.4707031
1571.72314453	15194.9746094
1571.98864746	15116.7333984
1572.25415039	14993.6923828
1572.51977539	15071.4570313
1572.78527832	15179.8535156
1573.05078125	14897.5341797
1573.31628418	14962.9082031
1573.58178711	14988.4648438
1573.84741211	14924.9121094
1574.11291504	14842.8369141
1574.37841797	14775.7373047
1574.6439209	14825.2451172
1574.9095459	14791.6230469
1575.17504883	14811.0605469
1575.44055176	14762.3837891
1575.70605469	14866.9736328
1575.97167969	14830.875
1576.23718262	14720.7470703
1576.50268555	14755.4189453
1576.76818848	14502.2402344
1577.03381348	14552.8857422
1577.29931641	14520.1914063
1577.56481934	14562.8701172
1577.83032227	14630.7734375
1578.0958252	14597.8046875
1578.3614502	14470.1435547
1578.62695313	14585.8691406
1578.89245605	14762.9863281
1579.15795898	14473.0810547
1579.42358398	14426.5976563
1579.68908691	14232.6416016
1579.95458984	14392.2998047
1580.22009277	14308.4472656
1580.48571777	14106.9433594
1580.7512207	14265.5488281
1581.01672363	14048.9121094
1581.28222656	14013.3574219
1581.54772949	13980.0087891
1581.81335449	13979.3886719
1582.07885742	13939.7285156
1582.34436035	13858.1845703
1582.60986328	13953.7753906
1582.87548828	13923.5830078
1583.14099121	13939.2011719
1583.40649414	13872.7333984
1583.67199707	13785.6210938
1583.93762207	13983.8173828
1584.203125	13779.4199219
1584.46862793	13674.5585938
1584.73413086	13703.65625
1584.99975586	13569.2783203
1585.26525879	13629.4511719
1585.53076172	13441.1259766
1585.79626465	13405.1132813
1586.06176758	13502.4140625
1586.32739258	13422.8574219
1586.59289551	13430.6923828
1586.85839844	13339.4472656
1587.12390137	13326.7011719
1587.38952637	13407.03125
1587.6550293	13202.6630859
1587.92053223	13113.8876953
1588.18603516	13114.9199219
1588.45166016	12999.1230469
1588.71716309	13024.3681641
1588.98266602	12952.4619141
1589.24816895	12881.3203125
1589.51367188	12848.8486328
1589.77929688	12807.6328125
1590.0447998	12764.3535156
1590.31030273	12751.5087891
1590.57580566	12742.5722656
1590.84143066	12763.890625
1591.10693359	12541.7744141
1591.37243652	12633.8818359
1591.63793945	12628.7412109
1591.90356445	12409.8359375
1592.16906738	12499.4208984
1592.43457031	12611.3408203
1592.70007324	12466.0722656
1592.96557617	12348.5742188
1593.23120117	12307.3789063
1593.4967041	12433.0791016
1593.76220703	12150.2255859
1594.02770996	12117.7734375
1594.29333496	12045.4169922
1594.55883789	12200.8535156
1594.82434082	12212.2109375
1595.08984375	12218.1914063
1595.35546875	12165.4619141
1595.62097168	12042.578125
1595.88647461	12106.2324219
1596.15197754	12137.2548828
1596.41760254	11969.6210938
1596.68310547	11970.8125
1596.9486084	12009.7949219
1597.21411133	12005.1435547
1597.47961426	11973.6669922
1597.74523926	11989.0439453
1598.01074219	11975.4082031
1598.27624512	11959.5986328
1598.54174805	11936.3515625
1598.80737305	11873.4951172
1599.07287598	11912.3623047
1599.33837891	11789.5019531
1599.60388184	11792.2871094
1599.86950684	11788.4638672
1600.13500977	11760.7900391
1600.4005127	11601.3701172
1600.66601563	11562.5625
1600.93151855	11557.4589844
1601.19714355	11569.1572266
1601.46264648	11490.3330078
1601.72814941	11388.6542969
1601.99365234	11401.7617188
1602.25927734	11299.5761719
1602.52478027	11265.3779297
1602.7902832	11279.4306641
1603.05578613	11243.9443359
1603.32141113	11262.8876953
1603.58691406	11341.3476563
1603.85241699	11085.3632813
1604.11791992	11092.2792969
1604.38354492	10867.7998047
1604.64904785	11104.9599609
1604.91455078	11054.1523438
1605.18005371	10745.0625
1605.44555664	10772.1152344
1605.71118164	10795.7089844
1605.97668457	10928.1533203
1606.2421875	10915.1367188
1606.50769043	10912.6337891
1606.77331543	10787.3574219
1607.03881836	10694.2822266
1607.30432129	10748.0800781
1607.56982422	10799.0429688
1607.83544922	10666.9833984
1608.10095215	10767.8945313
1608.36645508	10659.2636719
1608.63195801	10616.1425781
1608.89746094	10777.0585938
1609.16308594	10623.6357422
1609.42858887	10681.9570313
1609.6940918	10679.4179688
1609.95959473	10629.3720703
1610.22521973	10625.8330078
1610.49072266	10606.9150391
1610.75622559	10630.1777344
1611.02172852	10605.5966797
1611.28735352	10492.4755859
1611.55285645	10561.7626953
1611.81835938	10627.5722656
1612.0838623	10433.2226563
1612.3494873	10328.2646484
1612.61499023	10320.7207031
1612.88049316	10308.4804688
1613.14599609	10385.8466797
1613.41149902	10401.8662109
1613.67712402	10305.9375
1613.94262695	10242.6435547
1614.20812988	10251.6318359
1614.47363281	10225.5449219
1614.73925781	10288.4423828
1615.00476074	10304.0097656
1615.27026367	10129.7441406
1615.5357666	9995.48339844
1615.8013916	10081.0927734
1616.06689453	10040.5888672
1616.33239746	10091.8857422
1616.59790039	10101.4921875
1616.86340332	9926.9765625
1617.12902832	10131.2333984
1617.39453125	10043.5234375
1617.66003418	9944.84765625
1617.92553711	9883.00488281
1618.19116211	9837.41601563
1618.45666504	9701.36230469
1618.72216797	9778.65234375
1618.9876709	9763.53027344
1619.2532959	9826.37109375
1619.51879883	9617.51074219
1619.78430176	9749.3828125
1620.04980469	9849.14160156
1620.31530762	9593.63085938
1620.58093262	9587.34960938
1620.84643555	9641.22949219
1621.11193848	9615.83886719
1621.37744141	9619.97070313
1621.64306641	9491.04199219
1621.90856934	9459.45507813
1622.17407227	9483.38574219
1622.4395752	9530.22949219
1622.7052002	9497.11230469
1622.97070313	9441.859375
1623.23620605	9386.8828125
1623.50170898	9311.65332031
1623.76733398	9414.21484375
1624.03283691	9426.97949219
1624.29833984	9300.23535156
1624.56384277	9327.97851563
1624.8293457	9284.68457031
1625.0949707	9145.99804688
1625.36047363	9212.35058594
1625.62597656	9318.25292969
1625.89147949	9287.57324219
1626.15710449	9136.73535156
1626.42260742	9060.89746094
1626.68811035	9096.48828125
1626.95361328	9013.93359375
1627.21923828	9153.48828125
1627.48474121	9064.77148438
1627.75024414	9001.00097656
1628.01574707	8944.14257813
1628.28125	8829.85546875
1628.546875	8907.43164063
1628.81237793	8997.0703125
1629.07788086	8843.44335938
1629.34338379	8945.45117188
1629.60900879	8739.6484375
1629.87451172	8740.70996094
1630.14001465	8827.67871094
1630.40551758	8782.30859375
1630.67114258	8777.74609375
1630.93664551	8711.796875
1631.20214844	8671.26367188
1631.46765137	8598.89355469
1631.73327637	8679.18164063
1631.9987793	8641.55957031
1632.26428223	8558.640625
1632.52978516	8560.96289063
1632.79528809	8526.02636719
1633.06091309	8454.24804688
1633.32641602	8465.70117188
1633.59191895	8463.06933594
1633.85742188	8521.03808594
1634.12304688	8496.98925781
1634.3885498	8471.45019531
1634.65405273	8398.65527344
1634.91955566	8501.79394531
1635.18518066	8357.39746094
1635.45068359	8489.5390625
1635.71618652	8322.33984375
1635.98168945	8272.99121094
1636.24719238	8407.81835938
1636.51281738	8266.11035156
1636.77832031	8287.41992188
1637.04382324	8308.63769531
1637.30932617	8344.42773438
1637.57495117	8266.42871094
1637.8404541	8288.98925781
1638.10595703	8148.48632813
1638.37145996	8275.90039063
1638.63708496	8169.13183594
1638.90258789	8141.26220703
1639.16809082	8178.72216797
1639.43359375	8207.69433594
1639.69909668	8099.80859375
1639.96472168	8050.39111328
1640.23022461	7947.75048828
1640.49572754	8033.18310547
1640.76123047	8078.01513672
1641.02685547	8063.87060547
1641.2923584	7975.125
1641.55786133	7945.66699219
1641.82336426	7846.31445313
1642.08898926	7899.41503906
1642.35449219	7966.71289063
1642.61999512	7923.453125
1642.88549805	8022.99169922
1643.15112305	7921.98535156
1643.41662598	7932.65332031
1643.68212891	7858.48828125
1643.94763184	7863.60351563
1644.21313477	7838.16259766
1644.47875977	7880.27783203
1644.7442627	7730.2265625
1645.00976563	7939.24511719
1645.27526855	7817.66162109
1645.54089355	7733.85742188
1645.80639648	7764.38818359
1646.07189941	7679.92724609
1646.33740234	7798.56298828
1646.60302734	7785.12548828
1646.86853027	7650.31787109
1647.1340332	7650.07080078
1647.39953613	7711.76074219
1647.66503906	7694.40478516
1647.93066406	7644.22607422
1648.19616699	7587.66699219
1648.46166992	7617.96240234
1648.72717285	7656.45214844
1648.99279785	7562.84765625
1649.25830078	7532.27441406
1649.52380371	7458.79199219
1649.78930664	7421.61669922
1650.05493164	7501.14404297
1650.32043457	7457.12890625
1650.5859375	7486.12744141
1650.85144043	7424.93798828
1651.11706543	7412.77197266
1651.38256836	7428.22753906
1651.64807129	7561.91162109
1651.91357422	7467.83837891
1652.17907715	7382.29296875
1652.44470215	7408.02197266
1652.71020508	7302.53955078
1652.97570801	7309.88964844
1653.24121094	7377.58642578
1653.50683594	7419.70654297
1653.77233887	7439.38476563
1654.0378418	7410.17919922
1654.30334473	7382.00634766
1654.56896973	7204.35742188
1654.83447266	7252.01806641
1655.09997559	7310.11181641
1655.36547852	7249.42480469
1655.63098145	7273.40869141
1655.89660645	7187.12744141
1656.16210938	7168.94091797
1656.4276123	7248.97167969
1656.69311523	7182.24023438
1656.95874023	7139.56396484
1657.22424316	7073.79003906
1657.48974609	7119.16064453
1657.75524902	7169.56689453
1658.02087402	7070.48095703
1658.28637695	7078.07666016
1658.55187988	7069.14160156
1658.81738281	7083.34716797
1659.08300781	7067.16357422
1659.34851074	7037.46582031
1659.61401367	7031.57617188
1659.8795166	6918.58642578
1660.14501953	6903.58447266
1660.41064453	6927.24609375
1660.67614746	6914.37451172
1660.94165039	6884.86132813
1661.20715332	6818.06445313
1661.47277832	6954.44335938
1661.73828125	6918.23046875
1662.00378418	6844.71582031
1662.26928711	6772.08984375
1662.53491211	6804.83984375
1662.80041504	6921.03759766
1663.06591797	6711.78271484
1663.3314209	6767.14599609
1663.59692383	6868.01171875
1663.86254883	6844.27490234
1664.12805176	6755.74121094
1664.39355469	6753.71728516
1664.65905762	6623.40625
1664.92468262	6652.28173828
1665.19018555	6785.27490234
1665.45568848	6707.62060547
1665.72119141	6681.30566406
1665.98681641	6691.09375
1666.25231934	6836.14697266
1666.51782227	6816.03759766
1666.7833252	6719.28173828
1667.04882813	6685.77539063
1667.31445313	6662.34130859
1667.57995605	6708.28369141
1667.84545898	6710.46923828
1668.11096191	6649.59375
1668.37658691	6611.16503906
1668.64208984	6684.91357422
1668.90759277	6629.83300781
1669.1730957	6641.66992188
1669.4387207	6771.20849609
1669.70422363	6764.58886719
1669.96972656	6585.73876953
1670.23522949	6606.46191406
1670.50085449	6637.171875
1670.76635742	6644.22802734
1671.03186035	6497.89257813
1671.29736328	6527.76220703
1671.56286621	6582.05712891
1671.82849121	6556.16064453
1672.09399414	6534.82666016
1672.35949707	6528.8984375
1672.625	6556.26171875
1672.890625	6474.15234375
1673.15612793	6442.46679688
1673.42163086	6520.06152344
1673.68713379	6527.93457031
1673.95275879	6467.85009766
1674.21826172	6461.86230469
1674.48376465	6436.62695313
1674.74926758	6465.51611328
1675.01477051	6469.62744141
1675.28039551	6496.62207031
1675.54589844	6424.40869141
1675.81140137	6444.50976563
1676.0769043	6379.49902344
1676.3425293	6497.08056641
1676.60803223	6359.41064453
1676.87353516	6445.32568359
1677.13903809	6403.65234375
1677.40466309	6482.93164063
1677.67016602	6307.55615234
1677.93566895	6360.52392578
1678.20117188	6503.99902344
1678.46679688	6510.91992188
1678.7322998	6404.23681641
1678.99780273	6335.08642578
1679.26330566	6353.29199219
1679.52880859	6397.69042969
1679.79443359	6389.79785156
1680.05993652	6342.13574219
1680.32543945	6323.03222656
1680.59094238	6382.66943359
1680.85656738	6391.81298828
1681.12207031	6368.07958984
1681.38757324	6355.53955078
1681.65307617	6379.08642578
1681.91870117	6351.11230469
1682.1842041	6305.72412109
1682.44970703	6319.03271484
1682.71520996	6328.82226563
1682.98071289	6226.31152344
1683.24633789	6349.36523438
1683.51184082	6398.29199219
1683.77734375	6347.99169922
1684.04284668	6228.42089844
1684.30847168	6310.31542969
1684.57397461	6217.93017578
1684.83947754	6205.68408203
1685.10498047	6294.48730469
1685.37060547	6337.87255859
1685.6361084	6282.65283203
1685.90161133	6301.47509766
1686.16711426	6268.48388672
1686.43261719	6360.42871094
1686.69824219	6140.69238281
1686.96374512	6114.42138672
1687.22924805	6259.47705078
1687.49475098	6249.13378906
1687.76037598	6259.65576172
1688.02587891	6293.30712891
1688.29138184	6286.15917969
1688.55688477	6305.04492188
1688.82250977	6265.12988281
1689.0880127	6169.51611328
1689.35351563	6197.77880859
1689.61901855	6213.13964844
1689.88464355	6223.81347656
1690.15014648	6199.42871094
1690.41564941	6185.00585938
1690.68115234	6192.14648438
1690.94665527	6153.73925781
1691.21228027	6112.5234375
1691.4777832	6119.26123047
1691.74328613	6240.49365234
1692.00878906	6250.0859375
1692.27441406	6246.24804688
1692.53991699	6080.86865234
1692.80541992	6134.08300781
1693.07092285	6166.51074219
1693.33654785	6144.92773438
1693.60205078	6109.45068359
1693.86755371	6149.5546875
1694.13305664	6193.73193359
1694.39855957	6159.88720703
1694.66418457	6173.03320313
1694.9296875	6202.69824219
1695.19519043	6189.37695313
1695.46069336	6157.33837891
1695.72631836	6173.18017578
1695.99182129	6236.72802734
1696.25732422	6290.38232422
1696.52282715	6216.29589844
1696.78845215	6084.00097656
1697.05395508	6152.18652344
1697.31945801	6202.73681641
1697.58496094	6010.34130859
1697.85058594	6166.09228516
1698.11608887	6049.00097656
1698.3815918	6111.64404297
1698.64709473	6102.01171875
1698.91259766	6174.8828125
1699.17822266	6120.26953125
1699.44372559	6048.47167969
1699.70922852	6124.10009766
1699.97473145	6087.78515625
1700.24035645	6095.99462891
1700.50585938	6084.45898438
1700.7713623	6103.22460938
1701.03686523	6084.11523438
1701.30249023	6053.265625
1701.56799316	6071.01074219
1701.83349609	6014.62548828
1702.09899902	6020.41650391
1702.36450195	6006.20947266
1702.63012695	5962.72607422
1702.89562988	6062.55517578
1703.16113281	5983.34130859
1703.42663574	6063.58056641
1703.69226074	6151.16650391
1703.95776367	6041.22851563
1704.2232666	6078.89208984
1704.48876953	5950.72900391
1704.75439453	6006.09375
1705.01989746	6192.76171875
1705.28540039	6158.33642578
1705.55090332	6065.09619141
1705.81652832	6079.46289063
1706.08203125	6147.98486328
1706.34753418	6033.70507813
1706.61303711	6098.52197266
1706.87854004	6056.61328125
1707.14416504	5995.1484375
1707.40966797	5997.37011719
1707.6751709	6077.61621094
1707.94067383	6135.63818359
1708.20629883	5981.69384766
1708.47180176	6016.08886719
1708.73730469	6060.47753906
1709.00280762	6018.69482422
1709.26843262	6054.64746094
1709.53393555	6027.23828125
1709.79943848	6108.78515625
1710.06494141	6098.43017578
1710.33044434	5958.65527344
1710.59606934	5889.01269531
1710.86157227	6087.17773438
1711.1270752	6086.91455078
1711.39257813	6103.52294922
1711.65820313	6059.78759766
1711.92370605	5995.390625
1712.18920898	5997.63671875
1712.45471191	6008.94775391
1712.72033691	5968.01708984
1712.98583984	5896.21337891
1713.25134277	5899.18896484
1713.5168457	6007.23193359
1713.78234863	6011.68408203
1714.04797363	5929.92382813
1714.31347656	5859.75683594
1714.57897949	5925.42138672
1714.84448242	5830.66894531
1715.11010742	5889.55761719
1715.37561035	5963.08154297
1715.64111328	5919.45410156
1715.90661621	5983.59033203
1716.17224121	5889.28710938
1716.43774414	5888.87158203
1716.70324707	5868.51806641
1716.96875	6043.89257813
1717.234375	5925.66748047
1717.49987793	5924.15332031
1717.76538086	5902.72949219
1718.03088379	5951.84130859
1718.29638672	6072.01611328
1718.56201172	5860.30810547
1718.82751465	5942.73144531
1719.09301758	5874.77929688
1719.35852051	5910.75830078
1719.62414551	5911.47314453
1719.88964844	5956.11865234
1720.15515137	5908.94824219
1720.4206543	5884.01855469
1720.6862793	5873.65478516
1720.95178223	5928.06054688
1721.21728516	5963.22705078
1721.48278809	5857.85986328
1721.74829102	5840.71728516
1722.01391602	5890.34863281
1722.27941895	5823.35888672
1722.54492188	5926.25585938
1722.8104248	5801.20361328
1723.0760498	6027.42333984
1723.34155273	5962.11230469
1723.60705566	5815.24511719
1723.87255859	5864.28759766
1724.13818359	5908.0078125
1724.40368652	5953.15429688
1724.66918945	6036.82226563
1724.93469238	5952.60449219
1725.20031738	5858.20214844
1725.46582031	5872.69384766
1725.73132324	5898.11865234
1725.99682617	5941.62060547
1726.2623291	5911.07568359
1726.5279541	5848.87060547
1726.79345703	5838.65527344
1727.05895996	5829.18603516
1727.32446289	5797.97509766
1727.59008789	5858.43261719
1727.85559082	5976.30029297
1728.12109375	5872.33544922
1728.38659668	5934.24755859
1728.65222168	5768.01660156
1728.91772461	5938.51416016
1729.18322754	5827.78710938
1729.44873047	5790.14160156
1729.7142334	5835.53662109
1729.9798584	5876.71777344
1730.24536133	5832.65869141
1730.51086426	5870.66845703
1730.77636719	5817.89550781
1731.04199219	5827.62011719
1731.30749512	5861.9765625
1731.57299805	5807.88427734
1731.83850098	5821.65576172
1732.10412598	5844.16503906
1732.36962891	5781.17529297
1732.63513184	5884.81591797
1732.90063477	5836.20751953
1733.1661377	5888.05029297
1733.4317627	6010.234375
1733.69726563	5826.73291016
1733.96276855	5843.43017578
1734.22827148	5785.69287109
1734.49389648	5748.56298828
1734.75939941	5744.17382813
1735.02490234	5811.19775391
1735.29040527	5880.98388672
1735.55603027	5796.90332031
1735.8215332	5805.96191406
1736.08703613	5817.75976563
1736.35253906	5801.31982422
1736.61816406	5749.51220703
1736.88366699	5796.52197266
1737.14916992	5824.31347656
1737.41467285	5823.25634766
1737.68017578	5792.61914063
1737.94580078	5669.11132813
1738.21130371	5601.17626953
1738.47680664	5711.21386719
1738.74230957	5611.97412109
1739.00793457	5714.25927734
1739.2734375	5873.53466797
1739.53894043	5686.88916016
1739.80444336	5690.33642578
1740.07006836	5818.48291016
1740.33557129	5616.63525391
1740.60107422	5758.41845703
1740.86657715	5910.67041016
1741.13208008	5732.01855469
1741.39770508	5726.17041016
1741.66320801	5655.89306641
1741.92871094	5559.92871094
1742.19421387	5604.49365234
1742.45983887	5666.49072266
1742.7253418	5756.07177734
1742.99084473	5771.05371094
1743.25634766	5722.08105469
1743.52197266	5742.38232422
1743.78747559	5745.06738281
1744.05297852	5714.48681641
1744.31848145	5628.64355469
1744.58410645	5697.16992188
1744.84960938	5682.08837891
1745.1151123	5630.07958984
1745.38061523	5588.24951172
1745.64611816	5668.46386719
1745.91174316	5629.14599609
1746.17724609	5664.19384766
1746.44274902	5746.19287109
1746.70825195	5705.23974609
1746.97387695	5604.88476563
1747.23937988	5662.73339844
1747.50488281	5688.18408203
1747.77038574	5715.15966797
1748.03601074	5727.27636719
1748.30151367	5737.67822266
1748.5670166	5677.93310547
1748.83251953	5626.51904297
1749.09802246	5683.87060547
1749.36364746	5695.26855469
1749.62915039	5810.75341797
1749.89465332	5656.82568359
1750.16015625	5674.44238281
1750.42578125	5626.60839844
1750.69128418	5725.50048828
1750.95678711	5749.94042969
1751.22229004	5721.58642578
1751.48791504	5798.14111328
1751.75341797	5785.10693359
1752.0189209	5815.86181641
1752.28442383	5761.95947266
1752.55004883	5640.09863281
1752.81555176	5627.09375
1753.08105469	5741.25439453
1753.34655762	5765.02636719
1753.61206055	5748.66796875
1753.87768555	5705.03955078
1754.14318848	5744.74316406
1754.40869141	5678.29003906
1754.67419434	5738.91894531
1754.93981934	5697.33007813
1755.20532227	5603.90625
1755.4708252	5715.21191406
1755.73632813	5543.64160156
1756.00195313	5620.87792969
1756.26745605	5554.07714844
1756.53295898	5484.90039063
1756.79846191	5632.10302734
1757.06396484	5618.93310547
1757.32958984	5598.34130859
1757.59509277	5575.1875
1757.8605957	5535.20605469
1758.12609863	5607.56982422
1758.39172363	5665.96142578
1758.65722656	5613.23974609
1758.92272949	5619.54492188
1759.18823242	5611.97509766
1759.45385742	5657.31201172
1759.71936035	5675.66748047
1759.98486328	5796.20898438
1760.25036621	5621.92333984
1760.51586914	5647.72265625
1760.78149414	5685.91357422
1761.04699707	5630.94384766
1761.3125	5637.62744141
1761.57800293	5648.49023438
1761.84362793	5618.79589844
1762.10913086	5641.16601563
1762.37463379	5531.6484375
1762.64013672	5579.18066406
1762.90576172	5652.25634766
1763.17126465	5634.74121094
1763.43676758	5710.25195313
1763.70227051	5670.20996094
1763.96789551	5545.35595703
1764.23339844	5562.63671875
1764.49890137	5579.13916016
1764.7644043	5523.84521484
1765.02990723	5628.76806641
1765.29553223	5603.84033203
1765.56103516	5510.64697266
1765.82653809	5813.95117188
1766.09204102	5596.40576172
1766.35766602	5584.97412109
1766.62316895	5599.69140625
1766.88867188	5631.18017578
1767.1541748	5619.92578125
1767.4197998	5597.99804688
1767.68530273	5690.29199219
1767.95080566	5687.67529297
1768.21630859	5561.61279297
1768.48181152	5582.77832031
1768.74743652	5513.93457031
1769.01293945	5578.26904297
1769.27844238	5614.62207031
1769.54394531	5621.24951172
1769.80957031	5582.76318359
1770.07507324	5585.69628906
1770.34057617	5501.48730469
1770.6060791	5654.61572266
1770.8717041	5644.9375
1771.13720703	5568.24267578
1771.40270996	5618.29296875
1771.66821289	5621.54589844
1771.93383789	5636.36914063
1772.19934082	5641.96630859
1772.46484375	5715.46875
1772.73034668	5699.12304688
1772.99584961	5581.38916016
1773.26147461	5593.59179688
1773.52697754	5678.51123047
1773.79248047	5685.58447266
1774.0579834	5698.77099609
1774.3236084	5649.07080078
1774.58911133	5606.32763672
1774.85461426	5613.51757813
1775.12011719	5589.49365234
1775.38574219	5552.28417969
1775.65124512	5646.19189453
1775.91674805	5569.69433594
1776.18225098	5593.53515625
1776.44775391	5787.91259766
1776.71337891	5696.609375
1776.97888184	5672.90673828
1777.24438477	5727.20996094
1777.5098877	5693.93994141
1777.7755127	5643.86474609
1778.04101563	5576.07714844
1778.30651855	5576.95458984
1778.57202148	5565.09228516
1778.83764648	5594.45703125
1779.10314941	5506.41064453
1779.36865234	5599.53271484
1779.63415527	5541.43066406
1779.8996582	5635.30712891
1780.1652832	5551.75195313
1780.43078613	5649.44042969
1780.69628906	5553.79541016
1780.96179199	5620.05761719
1781.22741699	5620.41894531
1781.49291992	5596.33837891
1781.75842285	5568.61132813
1782.02392578	5491.24267578
1782.28955078	5414.70117188
1782.55505371	5482.73388672
1782.82055664	5590.51904297
1783.08605957	5613.01416016
1783.35168457	5582.94921875
1783.6171875	5505.34326172
1783.88269043	5463.9296875
1784.14819336	5492.28222656
1784.41369629	5654.75439453
1784.67932129	5563.14697266
1784.94482422	5495.78125
1785.21032715	5507.72949219
1785.47583008	5592.28027344
1785.74145508	5414.14941406
1786.00695801	5508.25292969
1786.27246094	5489.15625
1786.53796387	5496.40527344
1786.80358887	5523.2109375
1787.0690918	5538.09667969
1787.33459473	5494.48535156
1787.60009766	5527.50292969
1787.86560059	5485.04248047
1788.13122559	5481.12207031
1788.39672852	5494.390625
1788.66223145	5500.16308594
1788.92773438	5538.98095703
1789.19335938	5440.51953125
1789.4588623	5493.30371094
1789.72436523	5524.93505859
1789.98986816	5451.88671875
1790.25549316	5535.75195313
1790.52099609	5598.56982422
1790.78649902	5424.06298828
1791.05200195	5502.52783203
1791.31762695	5559.02929688
1791.58312988	5563.36132813
1791.84863281	5553.50292969
1792.11413574	5500.78759766
1792.37963867	5481.35107422
1792.64526367	5425.67822266
1792.9107666	5433.77050781
1793.17626953	5506.77734375
1793.44177246	5558.22119141
1793.70739746	5498.36914063
1793.97290039	5466.06494141
1794.23840332	5483.72607422
1794.50390625	5430.8984375
1794.76953125	5508.09423828
1795.03503418	5431.32080078
1795.30053711	5431.65332031
1795.56604004	5397.80761719
1795.83154297	5450.84423828
1796.09716797	5475.23730469
1796.3626709	5445.67919922
1796.62817383	5392.50097656
1796.89367676	5393.40185547
1797.15930176	5509.46386719
1797.42480469	5429.37841797
1797.69030762	5463.34570313
1797.95581055	5491.56396484
1798.22143555	5422.22705078
1798.48693848	5405.81591797
1798.75244141	5355.60253906
1799.01794434	5442.96826172
1799.28356934	5413.72998047
1799.54907227	5408.41113281
1799.8145752	5497.37109375
1800.08007813	5525.64404297
1800.34558105	5404.06396484
1800.61120605	5368.15722656
1800.87670898	5519.27734375
1801.14221191	5544.00146484
1801.40771484	5483.04882813
1801.67333984	5467.09033203
1801.93884277	5440.92822266
1802.2043457	5509.19238281
1802.46984863	5488.69384766
1802.73547363	5378.38818359
1803.00097656	5465.171875
1803.26647949	5476.12060547
1803.53198242	5476.33642578
1803.79748535	5465.73681641
1804.06311035	5585.58251953
1804.32861328	5485.92626953
1804.59411621	5437.08300781
1804.85961914	5503.46582031
1805.12524414	5570.69091797
1805.39074707	5444.95458984
1805.65625	5335.74951172
1805.92175293	5518.98974609
1806.18737793	5520.88378906
1806.45288086	5422.74414063
1806.71838379	5362.24853516
1806.98388672	5398.96142578
1807.24938965	5393.19970703
1807.51501465	5461.48193359
1807.78051758	5514.75390625
1808.04602051	5480.74121094
1808.31152344	5426.21923828
1808.57714844	5360.234375
1808.84265137	5401.53173828
1809.1081543	5400.83105469
1809.37365723	5391.96630859
1809.63928223	5387.96386719
1809.90478516	5334.40283203
1810.17028809	5385.03417969
1810.43579102	5419.69091797
1810.70141602	5397.01074219
1810.96691895	5453.00146484
1811.23242188	5436.48681641
1811.4979248	5404.80761719
1811.76342773	5366.41650391
1812.02905273	5340.97851563
1812.29455566	5384.25976563
1812.56005859	5415.51171875
1812.82556152	5394.91992188
1813.09118652	5385.046875
1813.35668945	5385.43310547
1813.62219238	5329.58837891
1813.88769531	5342.54394531
1814.15332031	5305.6953125
1814.41882324	5385.10302734
1814.68432617	5353.16992188
1814.9498291	5378.03515625
1815.21533203	5411.41650391
1815.48095703	5327.91650391
1815.74645996	5405.23388672
1816.01196289	5407.50927734
1816.27746582	5320.39550781
1816.54309082	5441.75439453
1816.80859375	5407.99414063
1817.07409668	5399.53662109
1817.33959961	5392.85644531
1817.60522461	5321.19726563
1817.87072754	5397.00292969
1818.13623047	5420.42382813
1818.4017334	5380.73681641
1818.6673584	5376.49902344
1818.93286133	5265.16113281
1819.19836426	5493.27832031
1819.46386719	5434.79638672
1819.72937012	5358.45947266
1819.99499512	5399.41943359
1820.26049805	5366.29541016
1820.52600098	5342.17236328
1820.79150391	5355.04931641
1821.05712891	5409.83984375
1821.32263184	5394.60693359
1821.58813477	5335.43603516
1821.8536377	5287.45117188
1822.1192627	5296.86865234
1822.38476563	5308.67480469
1822.65026855	5245.86816406
1822.91577148	5232.85644531
1823.18127441	5331.41943359
1823.44689941	5383.64941406
1823.71240234	5381.91552734
1823.97790527	5419.35644531
1824.2434082	5401.08398438
1824.5090332	5362.50048828
1824.77453613	5314.48242188
1825.04003906	5257.57666016
1825.30554199	5291.18896484
1825.57116699	5294.0390625
1825.83666992	5359.17138672
1826.10217285	5299.22412109
1826.36767578	5225.10351563
1826.63317871	5253.30078125
1826.89880371	5385.24365234
1827.16430664	5289.54882813
1827.42980957	5402.16992188
1827.6953125	5294.36181641
1827.9609375	5280.12207031
1828.22644043	5325.1484375
1828.49194336	5300.99560547
1828.75744629	5289.19726563
1829.02307129	5307.13623047
1829.28857422	5313.32421875
1829.55407715	5276.99511719
1829.81958008	5238.58349609
1830.08520508	5252.24511719
1830.35070801	5247.29345703
1830.61621094	5385.42382813
1830.88171387	5282.96630859
1831.1472168	5396.07519531
1831.4128418	5328.48144531
1831.67834473	5399.61132813
1831.94384766	5347.65332031
1832.20935059	5510.88330078
1832.47497559	5457.77392578
1832.74047852	5442.20556641
1833.00598145	5400.07080078
1833.27148438	5394.62695313
1833.53710938	5373.19921875
1833.8026123	5295.78466797
1834.06811523	5324.81445313
1834.33361816	5362.37207031
1834.59912109	5332.25585938
1834.86474609	5298.6875
1835.13024902	5400.97753906
1835.39575195	5336.05566406
1835.66125488	5331.08007813
1835.92687988	5253.85888672
1836.19238281	5298.78759766
1836.45788574	5263.85449219
1836.72338867	5271.67529297
1836.98901367	5231.95410156
1837.2545166	5266.29345703
1837.52001953	5268.59179688
1837.78552246	5254.39208984
1838.05114746	5206.63818359
1838.31665039	5255.81347656
1838.58215332	5300.17724609
1838.84765625	5289.26611328
1839.11315918	5213.19433594
1839.37878418	5165.8125
1839.64428711	5259.78027344
1839.90979004	5205.95605469
1840.17529297	5241.88134766
1840.44091797	5213.80371094
1840.7064209	5136.18408203
1840.97192383	5229.98242188
1841.23742676	5276.74511719
1841.50305176	5310.65820313
1841.76855469	5223.43603516
1842.03405762	5264.68359375
1842.29956055	5286.95068359
1842.56506348	5182.82080078
1842.83068848	5288.00341797
1843.09619141	5272.44091797
1843.36169434	5245.06103516
1843.62719727	5316.49121094
1843.89282227	5323.49414063
1844.1583252	5261.76953125
1844.42382813	5239.17675781
1844.68933105	5326.88085938
1844.95495605	5296.62939453
1845.22045898	5338.71972656
1845.48596191	5299.94726563
1845.75146484	5340.22949219
1846.01708984	5234.62646484
1846.28259277	5282.55615234
1846.5480957	5183.24316406
1846.81359863	5255.80957031
1847.07910156	5204.88134766
1847.34472656	5233.51904297
1847.61022949	5215.34814453
1847.87573242	5185.11035156
1848.14123535	5260.54931641
1848.40686035	5292.91015625
1848.67236328	5211.11816406
1848.93786621	5244.07617188
1849.20336914	5204.82861328
1849.46899414	5158.67578125
1849.73449707	5161.11376953
1850	5311.72607422
