950.114196777	6726.88574219
950.379699707	6820.06542969
950.645263672	6777.17285156
950.910766602	6769.43261719
951.176330566	6717.58300781
951.441833496	6811.65332031
951.707397461	6778
951.972900391	6689.08105469
952.238464355	6710.20996094
952.503967285	6786.47949219
952.76953125	6850.1015625
953.03503418	6793.0625
953.300598145	6749.76074219
953.566101074	6810.70605469
953.831665039	6805.16796875
954.097167969	6759.90429688
954.362670898	6798.20507813
954.628234863	6819.89550781
954.893737793	6734.2890625
955.159301758	6768.74121094
955.424804688	6776.22949219
955.690368652	6755.16601563
955.955871582	6839.6171875
956.221435547	6880.28027344
956.486938477	6782.65917969
956.752502441	6834.49707031
957.018005371	6749.77246094
957.283569336	6851.32226563
957.549072266	6826.921875
957.81463623	6656.04003906
958.08013916	6692.72070313
958.34564209	6774.36816406
958.611206055	6762.46484375
958.876708984	6677.63183594
959.142272949	6639.95117188
959.407775879	6698.36523438
959.673339844	6758.85253906
959.938842773	6745.19433594
960.204406738	6741.296875
960.469909668	6773.59375
960.735473633	6805.87890625
961.000976563	6738.92382813
961.266540527	6783.45898438
961.532043457	6770.73535156
961.797607422	6681.38476563
962.063110352	6760.75195313
962.328613281	6793.75097656
962.594177246	6698.36328125
962.859680176	6636.36230469
963.125244141	6654.90039063
963.39074707	6694.26757813
963.656311035	6715
963.921813965	6612.95703125
964.18737793	6849.8359375
964.452880859	6775.86621094
964.718444824	6735.86425781
964.983947754	6680.29785156
965.249511719	6736.73144531
965.515014648	6635.96777344
965.780517578	6670.71777344
966.046081543	6686.921875
966.311584473	6658.48730469
966.577148438	6651.35839844
966.842651367	6641.12597656
967.108215332	6642.03613281
967.373718262	6730.734375
967.639282227	6824.85351563
967.904785156	6844.32226563
968.170349121	6599.93554688
968.435852051	6758.93164063
968.701416016	6738.34472656
968.966918945	6858.37988281
969.23248291	6738.55371094
969.49798584	6700.32324219
969.76348877	6692.91113281
970.029052734	6719.90625
970.294555664	6753.79589844
970.560119629	6776.06152344
970.825622559	6817.88867188
971.091186523	6790.26367188
971.356689453	6732.98632813
971.622253418	6785.69726563
971.887756348	6646.42675781
972.153320313	6783.32324219
972.418823242	6709.83300781
972.684387207	6733.828125
972.949890137	6837.60839844
973.215454102	6705.74804688
973.480957031	6701.453125
973.746459961	6752.63476563
974.012023926	6773.74902344
974.277526855	6806.30175781
974.54309082	6806.02539063
974.80859375	6820.84570313
975.074157715	6832.09277344
975.339660645	6840.12695313
975.605224609	6599.11230469
975.870727539	6899.79394531
976.136291504	6748.16992188
976.401794434	6852.09570313
976.667358398	7016.73144531
976.932861328	6860.85644531
977.198425293	6809.75488281
977.463928223	6834.40625
977.729431152	6872.31835938
977.994995117	6876.41308594
978.260498047	6805.97167969
978.526062012	6813.30078125
978.791564941	6775.9375
979.057128906	6847.12011719
979.322631836	6884.91601563
979.588195801	6715.31835938
979.85369873	7026.28320313
980.119262695	6960.00585938
980.384765625	6992.921875
980.65032959	7123.39453125
980.91583252	6980.88769531
981.181396484	6848.01855469
981.446899414	6875.02929688
981.712402344	6936.90625
981.977966309	6938.16015625
982.243469238	6920.61523438
982.509033203	7000.13671875
982.774536133	6856.70117188
983.040100098	6953.43457031
983.305603027	7013.1015625
983.571166992	7066.328125
983.836669922	6951.53222656
984.102233887	7061.87207031
984.367736816	6928.32519531
984.633300781	6995.23730469
984.898803711	6990.84082031
985.164367676	6999.56542969
985.429870605	6987.61425781
985.695373535	6966.81933594
985.9609375	7080.6953125
986.22644043	6980.79394531
986.492004395	6924.93359375
986.757507324	7113.66015625
987.023071289	7179.20898438
987.288574219	7070.80078125
987.554138184	7026.08691406
987.819641113	7041.25195313
988.085205078	6953.93652344
988.350708008	6945.86328125
988.616271973	6921.10253906
988.881774902	6963.69238281
989.147277832	7006.66113281
989.412841797	6978.91699219
989.678344727	7029.1171875
989.943908691	7137.8359375
990.209411621	7065.42089844
990.474975586	7085.2734375
990.740478516	7068.90136719
991.00604248	7083.72851563
991.27154541	7202.0625
991.537109375	7151.92773438
991.802612305	7279.31835938
992.06817627	7249.35644531
992.333679199	7266.26367188
992.599243164	7316.86425781
992.864746094	7442.18652344
993.130249023	7584.49511719
993.395812988	7689.20703125
993.661315918	7833.47070313
993.926879883	8011.3828125
994.192382813	8192.95214844
994.457946777	8445.72558594
994.723449707	8753.40820313
994.989013672	8786.08789063
995.254516602	9242.24511719
995.520080566	9446.22753906
995.785583496	9952.73730469
996.051147461	10424.5
996.316650391	10701.4697266
996.582214355	11056.8974609
996.847717285	11383.8173828
997.113220215	11603.1044922
997.37878418	11979.9521484
997.644287109	12382.734375
997.909851074	12323.2138672
998.175354004	12305.6542969
998.440917969	12400.3408203
998.706420898	12204.0058594
998.971984863	12232.7666016
999.237487793	11987.0664063
999.503051758	11662.8330078
999.768554688	11334.1201172
1000.03411865	10882.3847656
1000.29962158	10567.9423828
1000.56518555	10285.8955078
1000.83068848	9932.38476563
1001.09619141	9469.52832031
1001.36175537	9061.27734375
1001.6272583	8800.71289063
1001.89282227	8388.17773438
1002.1583252	8093.22070313
1002.42388916	8082.78710938
1002.68939209	7924.74707031
1002.95495605	7763.06933594
1003.22045898	7648.46582031
1003.48602295	7582.73730469
1003.75152588	7543.52832031
1004.01708984	7341.43261719
1004.28259277	7440.01953125
1004.54815674	7399.0703125
1004.81365967	7304.5234375
1005.0791626	7338.65722656
1005.34472656	7366.87695313
1005.61022949	7336.69921875
1005.87579346	7260.5625
1006.14129639	7247.16210938
1006.40686035	7171.86621094
1006.67236328	7367.92675781
1006.93792725	7323.05273438
1007.20343018	7431.13769531
1007.46899414	7528.10839844
1007.73449707	7433.09375
1008.00006104	7481.99804688
1008.26556396	7468.36816406
1008.53112793	7432.18261719
1008.79663086	7375.50878906
1009.06213379	7441.97558594
1009.32769775	7564.73535156
1009.59320068	7561.90527344
1009.85876465	7595.66113281
1010.12426758	7603.53417969
1010.38983154	7549.55859375
1010.65533447	7494.20507813
1010.92089844	7399.79980469
1011.18640137	7335.26464844
1011.45196533	7335.24511719
1011.71746826	7471.49121094
1011.98303223	7344.21777344
1012.24853516	7410.765625
1012.51403809	7398.91796875
1012.77960205	7427.69140625
1013.04510498	7361.96679688
1013.31066895	7192.81054688
1013.57617188	7210.36914063
1013.84173584	7346.84960938
1014.10723877	7425.59570313
1014.37280273	7423.85253906
1014.63830566	7314.69921875
1014.90386963	7424.74609375
1015.16937256	7490.23242188
1015.43493652	7464.15625
1015.70043945	7683.47753906
1015.96600342	7749.4296875
1016.23150635	7734.73144531
1016.49700928	7848.31347656
1016.76257324	7952.07617188
1017.02807617	8019.93554688
1017.29364014	8112.83496094
1017.55914307	8139.80761719
1017.82470703	8205.5
1018.09020996	8500.48925781
1018.35577393	8614.78417969
1018.62127686	8800.87304688
1018.88684082	9019.74414063
1019.15234375	9044.29003906
1019.41790771	9093.90527344
1019.68341064	9374.04199219
1019.94897461	9375.15917969
1020.21447754	9491.76855469
1020.47998047	9478.48925781
1020.74554443	9613.85546875
1021.01104736	9690.24414063
1021.27661133	9654.98535156
1021.54211426	9614.49609375
1021.80767822	9629.35058594
1022.07318115	9628.73828125
1022.33874512	9488.78710938
1022.60424805	9475.42089844
1022.86981201	9110.96582031
1023.13531494	9056.15722656
1023.40087891	8882.89355469
1023.66638184	8835.21582031
1023.9319458	8481.66796875
1024.1973877	8346.68457031
1024.4630127	8247.43945313
1024.72851563	8017.54199219
1024.99401855	7908.95410156
1025.25952148	7788.1328125
1025.52514648	7692.97070313
1025.79064941	7690.58984375
1026.05615234	7592.32421875
1026.32165527	7407.48730469
1026.58728027	7371.67285156
1026.8527832	7307.98828125
1027.11828613	7254.23730469
1027.38378906	7247.125
1027.64941406	7079.40625
1027.91491699	7225.49707031
1028.18041992	7126.12890625
1028.44592285	7276.62011719
1028.71142578	7104.15234375
1028.97705078	7085.734375
1029.24255371	7025.734375
1029.50805664	7077.88476563
1029.77355957	7012.82714844
1030.03918457	6895.92089844
1030.3046875	6910.078125
1030.57019043	6879.23144531
1030.83569336	6968.31738281
1031.10131836	7059.79296875
1031.36682129	6959.96679688
1031.63232422	6925.85058594
1031.89782715	6954.87207031
1032.16333008	6936.11621094
1032.42895508	6933.13378906
1032.69445801	6985.75976563
1032.95996094	6868.73828125
1033.22546387	6868.86816406
1033.49108887	6898.64355469
1033.7565918	6877.50683594
1034.02209473	6860.95117188
1034.28759766	6906.79589844
1034.55322266	6952.36523438
1034.81872559	6923.12011719
1035.08422852	6902.76757813
1035.34973145	6948.16503906
1035.61535645	6939.70898438
1035.88085938	7027.04199219
1036.1463623	6788.68945313
1036.41186523	6940.76953125
1036.67736816	7022.49121094
1036.94299316	6841.46191406
1037.20849609	6882.48144531
1037.47399902	6830.63085938
1037.73950195	6886.96679688
1038.00512695	6869.88378906
1038.27062988	6830.09765625
1038.53613281	6894.90429688
1038.80163574	6939.19238281
1039.06726074	6897.54785156
1039.33276367	6905.6328125
1039.5982666	6931.91894531
1039.86376953	6854.82910156
1040.12927246	6807.99414063
1040.39489746	6757.35546875
1040.66040039	7019.98632813
1040.92590332	6849.5234375
1041.19140625	6833.40625
1041.45703125	6975.15234375
1041.72253418	7018.66210938
1041.98803711	7086.96289063
1042.25354004	6967.00488281
1042.51916504	6894.68945313
1042.78466797	6937.08496094
1043.0501709	6919.28222656
1043.31567383	6937.1640625
1043.58129883	7045.94433594
1043.84680176	7083.87109375
1044.11230469	7199.65234375
1044.37780762	7092.11621094
1044.64331055	7095.74023438
1044.90893555	7169.88769531
1045.17443848	7080.06347656
1045.43994141	7109.02050781
1045.70544434	7034.11230469
1045.97106934	7152.62207031
1046.23657227	7135.98925781
1046.5020752	7126.70507813
1046.76757813	7110.50488281
1047.03320313	7148.33789063
1047.29870605	7175.82421875
1047.56420898	7209.80175781
1047.82971191	7238.19824219
1048.09521484	7187.953125
1048.36083984	7196.11132813
1048.62634277	7246.70605469
1048.8918457	7303.16015625
1049.15734863	7278.70605469
1049.42297363	7546.51367188
1049.68847656	7471.36328125
1049.95397949	7207.29003906
1050.21948242	7293.12988281
1050.48510742	7342.84960938
1050.75061035	7383.37597656
1051.01611328	7341.87988281
1051.28161621	7538.55273438
1051.54711914	7624.25292969
1051.81274414	7531.36035156
1052.07824707	7465.10644531
1052.34375	7538.42578125
1052.60925293	7692.13964844
1052.87487793	7701.265625
1053.14038086	7699.70117188
1053.40588379	7808.53613281
1053.67138672	7790.19726563
1053.93701172	7739.07128906
1054.20251465	7795.85058594
1054.46801758	7759.05957031
1054.73352051	7821.42382813
1054.99914551	7809.27050781
1055.26464844	8126.74511719
1055.53015137	8107.42871094
1055.7956543	8020.13085938
1056.06115723	8093.25976563
1056.32678223	8287.80175781
1056.59228516	8332.16308594
1056.85778809	8254.96386719
1057.12329102	8321.20605469
1057.38891602	8427.08789063
1057.65441895	8497.99511719
1057.91992188	8569.7109375
1058.1854248	8370.22070313
1058.4510498	8659.05957031
1058.71655273	8662.99023438
1058.98205566	8895.3359375
1059.24755859	8853.11621094
1059.51306152	9003.80078125
1059.77868652	9004.97363281
1060.04418945	9135.64453125
1060.30969238	9369.55957031
1060.57519531	9387.36328125
1060.84082031	9455.625
1061.10632324	9634.99511719
1061.37182617	9758.78027344
1061.6373291	9922.88476563
1061.9029541	10132.7265625
1062.16845703	10225.7578125
1062.43395996	10396.0683594
1062.69946289	10569.8544922
1062.96508789	10594.4541016
1063.23059082	10886.3916016
1063.49609375	10790.6816406
1063.76159668	11037.1259766
1064.02709961	11252.2333984
1064.29272461	11525.8857422
1064.55822754	11651.3369141
1064.82373047	11752.7617188
1065.0892334	12133.7089844
1065.3548584	12330.8173828
1065.62036133	12545.3955078
1065.88586426	12699.7421875
1066.15136719	12773.2919922
1066.41699219	12963.1455078
1066.68249512	13128.9052734
1066.94799805	13395.7773438
1067.21350098	13540.0527344
1067.47900391	13785.3115234
1067.74462891	13902.6728516
1068.01013184	14075.6962891
1068.27563477	14172.6542969
1068.5411377	14350.9179688
1068.8067627	14505.9404297
1069.07226563	14776.0107422
1069.33776855	14832.8935547
1069.60327148	14816.6191406
1069.86889648	15129.9521484
1070.13439941	15177.7587891
1070.39990234	15279.6708984
1070.66540527	15475.2958984
1070.9309082	15456.6591797
1071.1965332	15430.0771484
1071.46203613	15523.5322266
1071.72753906	15631.9169922
1071.99304199	15668.4013672
1072.25866699	15669.7880859
1072.52416992	15507.4423828
1072.78967285	15424.1962891
1073.05517578	15560.7041016
1073.32080078	15476.4658203
1073.58630371	15177.3466797
1073.85180664	15025.8759766
1074.11730957	14972.0888672
1074.38293457	14973.4042969
1074.6484375	14869.7460938
1074.91394043	14732.7880859
1075.17944336	14570.0771484
1075.44494629	14341.2089844
1075.71057129	14188.8164063
1075.97607422	13988.6699219
1076.24157715	13737.2773438
1076.50708008	13790.7285156
1076.77270508	13597.1708984
1077.03820801	13578.9990234
1077.30371094	13315.4814453
1077.56921387	13099.9589844
1077.83483887	12788.8632813
1078.1003418	12792.6142578
1078.36584473	12470.4482422
1078.63134766	12439.0849609
1078.89685059	12257.6044922
1079.16247559	12045.8896484
1079.42797852	11711.2978516
1079.69348145	11617.7607422
1079.95898438	11714.0654297
1080.22460938	11544.2148438
1080.4901123	11292.2744141
1080.75561523	11125.5644531
1081.02111816	10907.7285156
1081.28674316	10839.2802734
1081.55224609	10783.2050781
1081.81774902	10575.8203125
1082.08325195	10473.0839844
1082.34887695	10344.1240234
1082.61437988	10400.8691406
1082.87988281	10010.7294922
1083.14538574	10196.0009766
1083.41088867	10004.1855469
1083.67651367	9858.00097656
1083.9420166	9691.93261719
1084.20751953	9579.62597656
1084.47302246	9569.02050781
1084.73864746	9591.82910156
1085.00415039	9423.01660156
1085.26965332	9287.91308594
1085.53515625	9286.37304688
1085.80078125	9211.46484375
1086.06628418	9020.04296875
1086.33178711	8842.17578125
1086.59729004	8869.03710938
1086.86279297	8923.64160156
1087.12841797	8796.18457031
1087.3939209	8750.06738281
1087.65942383	8653.4609375
1087.92492676	8750.36328125
1088.19055176	8589.18164063
1088.45605469	8578.4921875
1088.72155762	8648.40625
1088.98706055	8611.66796875
1089.25268555	8588.75585938
1089.51818848	8501.28320313
1089.78369141	8446.27246094
1090.04919434	8424.94726563
1090.31481934	8351.33300781
1090.58032227	8294.88671875
1090.8458252	8313.43847656
1091.11132813	8266.29492188
1091.37683105	8141.11132813
1091.64245605	8073.21875
1091.90795898	7910.97460938
1092.17346191	7956.28808594
1092.43896484	8009.39160156
1092.70458984	8028.69238281
1092.97009277	7913.50097656
1093.2355957	8032.77832031
1093.50109863	7755.96972656
1093.76672363	7864.02539063
1094.03222656	7997.58789063
1094.29772949	7917.78613281
1094.56323242	7970.7421875
1094.82873535	7913.234375
1095.09436035	7832.53417969
1095.35986328	7676.50683594
1095.62536621	7701.09667969
1095.89086914	7770.73535156
1096.15649414	7638.66601563
1096.42199707	7629.88574219
1096.6875	7624.12011719
1096.95300293	7585.15917969
1097.21862793	7549.26074219
1097.48413086	7793.33984375
1097.74963379	7878.46679688
1098.01513672	7418.2421875
1098.28063965	7561.765625
1098.54626465	7719.09765625
1098.81176758	7583.56152344
1099.07727051	7680.47070313
1099.34277344	7600.56445313
1099.60839844	7461.421875
1099.87390137	7538.06152344
1100.1394043	7534.97363281
1100.40490723	7609.28515625
1100.67053223	7598.46972656
1100.93603516	7609.25195313
1101.20153809	7675.09082031
1101.46704102	7547.69238281
1101.73266602	7519.55664063
1101.99816895	7627.49609375
1102.26367188	7588.69335938
1102.5291748	7629.07910156
1102.79467773	7532.42382813
1103.06030273	7489.58105469
1103.32580566	7591.31738281
1103.59130859	7472.40625
1103.85681152	7634.50195313
1104.12243652	7612.59765625
1104.38793945	7471.90429688
1104.65344238	7658.48828125
1104.91894531	7522.0546875
1105.18457031	7571.59375
1105.45007324	7570.08105469
1105.71557617	7577.35644531
1105.9810791	7604.03417969
1106.24658203	7617.77050781
1106.51220703	7661.8984375
1106.77770996	7663.52246094
1107.04321289	7593.23339844
1107.30871582	7529.70996094
1107.57434082	7519.94628906
1107.83984375	7506.39746094
1108.10534668	7641.36523438
1108.37084961	7651.69335938
1108.63647461	7562.46777344
1108.90197754	7513.90722656
1109.16748047	7423.4140625
1109.4329834	7411.57910156
1109.6986084	7334.45117188
1109.96411133	7325.13964844
1110.22961426	7374.60546875
1110.49511719	7398.0625
1110.76062012	7482.64355469
1111.02624512	7540.11425781
1111.29174805	7416.40039063
1111.55725098	7332.47460938
1111.82275391	7349.734375
1112.08837891	7367.60742188
1112.35388184	7392.02441406
1112.61938477	7415.24023438
1112.8848877	7484.14941406
1113.1505127	7245.0546875
1113.41601563	7307.52734375
1113.68151855	7257.78125
1113.94702148	7377.68945313
1114.21252441	7100.73144531
1114.47814941	7209.36230469
1114.74365234	7386.41992188
1115.00915527	7322.36914063
1115.2746582	7167.43066406
1115.5402832	7345.6796875
1115.80578613	7336.92089844
1116.07128906	7393.16503906
1116.33679199	7437.92578125
1116.60241699	7334.20996094
1116.86791992	7297.00390625
1117.13342285	7250.72363281
1117.39892578	7163.375
1117.66442871	7237.66699219
1117.93005371	7317.875
1118.19555664	7257.61425781
1118.46105957	7317.62792969
1118.7265625	7319.88574219
1118.9921875	7292.8359375
1119.25769043	7189.05664063
1119.52319336	7551.88183594
1119.78869629	7332.39648438
1120.05432129	7225.609375
1120.31982422	6981.765625
1120.58532715	7204.55078125
1120.85083008	7267.16699219
1121.11645508	7142.56054688
1121.38195801	7249.71777344
1121.64746094	7028.38476563
1121.91296387	7028.20507813
1122.1784668	6998.0390625
1122.4440918	7027.96289063
1122.70959473	7106.87988281
1122.97509766	7013.42773438
1123.24060059	7025.29394531
1123.50622559	7184.57128906
1123.77172852	7104.03222656
1124.03723145	7018.85058594
1124.30273438	7093.89648438
1124.56835938	7108.68554688
1124.8338623	7114.00878906
1125.09936523	6918.23144531
1125.36486816	7006.484375
1125.63037109	6972.1484375
1125.89599609	7013.54882813
1126.16149902	6958.24316406
1126.42700195	7068.99511719
1126.69250488	7089.69433594
1126.95812988	6973.94824219
1127.22363281	6888.41699219
1127.48913574	6828.61914063
1127.75463867	6795.12890625
1128.02026367	6868.59472656
1128.2857666	6983.921875
1128.55126953	6992.39257813
1128.81677246	6982.15625
1129.08239746	6947.203125
1129.34790039	6898.81738281
1129.61340332	7033.85644531
1129.87890625	7018.44433594
1130.14440918	6915.48339844
1130.41003418	6940.53417969
1130.67553711	6856.96777344
1130.94104004	7003.65820313
1131.20654297	6875.40722656
1131.47216797	7073.01269531
1131.7376709	6931.015625
1132.00317383	6847.98242188
1132.26867676	6856.15917969
1132.53430176	6875.91894531
1132.79980469	6904.39941406
1133.06530762	6857.828125
1133.33081055	6912.52734375
1133.59631348	6912.33105469
1133.86193848	6945.29296875
1134.12744141	6946.09570313
1134.39294434	6929.22070313
1134.65844727	6886.00488281
1134.92407227	6864.04394531
1135.1895752	6969.73339844
1135.45507813	6971.61425781
1135.72058105	6838.93554688
1135.98620605	6812.46191406
1136.25170898	6864.31347656
1136.51721191	6809.265625
1136.78271484	6915.65917969
1137.04833984	6923.55859375
1137.31384277	6935.953125
1137.5793457	6945.50878906
1137.84484863	6932.03027344
1138.11035156	6854.38769531
1138.37597656	6879.77734375
1138.64147949	6932.69238281
1138.90698242	6776.48730469
1139.17248535	6849.89257813
1139.43811035	6919.66210938
1139.70361328	6914.04492188
1139.96911621	6876.19824219
1140.23461914	6907.35351563
1140.50024414	6948.09863281
1140.76574707	6908.74609375
1141.03125	6893.61816406
1141.29675293	6936.75292969
1141.56225586	6968.00488281
1141.82788086	6960.94824219
1142.09338379	6830.37207031
1142.35888672	6951.59960938
1142.62438965	6950.48046875
1142.89001465	6871.62988281
1143.15551758	6938.23925781
1143.42102051	7139.10644531
1143.68652344	7071.2421875
1143.95214844	7035.66894531
1144.21765137	6941.51464844
1144.4831543	7106.61914063
1144.74865723	6910.22753906
1145.01416016	7002.27050781
1145.27978516	7090.48925781
1145.54528809	7130.51464844
1145.81079102	7216.86425781
1146.07629395	7105.88476563
1146.34191895	7080.59179688
1146.60742188	7135.01953125
1146.8729248	7051.69921875
1147.13842773	7040.54199219
1147.40405273	7130.51953125
1147.66955566	7074.76757813
1147.93505859	6995.22167969
1148.20056152	7081.23242188
1148.46618652	7080.98828125
1148.73168945	7124.91601563
1148.99719238	7175.47949219
1149.26269531	7128.01660156
1149.52819824	7408.49414063
1149.79382324	7114.8984375
1150.05932617	7404.38769531
1150.3248291	7218.55859375
1150.59033203	7024.3046875
1150.85595703	7238.05175781
1151.12145996	7243.48925781
1151.38696289	7281.5859375
1151.65246582	7377.95019531
1151.91809082	7202.69824219
1152.18359375	7251.10449219
1152.44909668	7263.0390625
1152.71459961	7244.62304688
1152.98010254	7277.1015625
1153.24572754	7312.22460938
1153.51123047	7319.89160156
1153.7767334	7246.40136719
1154.04223633	7198.8359375
1154.30786133	7165.32324219
1154.57336426	7302.37695313
1154.83886719	7357.08007813
1155.10437012	7348.90039063
1155.36999512	7370.85058594
1155.63549805	7409.78515625
1155.90100098	7358.1796875
1156.16650391	7259.59472656
1156.43212891	7421.57128906
1156.69763184	7390.48046875
1156.96313477	7395.60449219
1157.2286377	7381.85644531
1157.49414063	7383.64550781
1157.75976563	7409.65917969
1158.02526855	7462.80371094
1158.29077148	7383.38378906
1158.55627441	7445.50097656
1158.82189941	7411.70898438
1159.08740234	7396.84667969
1159.35290527	7441.92285156
1159.6184082	7473.29199219
1159.8840332	7508.16796875
1160.14953613	7511.05273438
1160.41503906	7553.43945313
1160.68054199	7602.59765625
1160.94604492	7538.73339844
1161.21166992	7523.52929688
1161.47717285	7526.31347656
1161.74267578	7664.42382813
1162.00817871	7615.95019531
1162.27380371	7574.70996094
1162.53930664	7677.01660156
1162.80480957	7713.421875
1163.0703125	7693.89453125
1163.3359375	7771.16894531
1163.60144043	7717.24121094
1163.86694336	7852.66699219
1164.13244629	7762.41015625
1164.39794922	7737.63183594
1164.66357422	7790.48242188
1164.92907715	7732.86132813
1165.19458008	7773
1165.46008301	7824.44042969
1165.72570801	7814.48144531
1165.99121094	7878.71679688
1166.25671387	7886.35644531
1166.5222168	7749.28613281
1166.7878418	7721.84082031
1167.05334473	7787.59960938
1167.31884766	7771.89355469
1167.58435059	7797.67382813
1167.84997559	7747.27246094
1168.11547852	7803.38378906
1168.38098145	7847.13476563
1168.64648438	7782.14550781
1168.9119873	7750.19824219
1169.1776123	7832.89648438
1169.44311523	7793.54492188
1169.70861816	7769.57519531
1169.97412109	7894.50488281
1170.23974609	7844.6015625
1170.50524902	7962.7890625
1170.77075195	7921.5859375
1171.03625488	7935.95605469
1171.30187988	7778.76074219
1171.56738281	7936.03222656
1171.83288574	7949.73925781
1172.09838867	7908.74023438
1172.3638916	7836.30371094
1172.6295166	7951.10449219
1172.89501953	8035.6328125
1173.16052246	7966.55078125
1173.42602539	8056.62304688
1173.69165039	8175.89941406
1173.95715332	8145.50195313
1174.22265625	8184.06054688
1174.48815918	8222.46289063
1174.75378418	8223.13769531
1175.01928711	8212.55371094
1175.28479004	8202.953125
1175.55029297	8316.24707031
1175.81591797	8389.66796875
1176.0814209	8318.82714844
1176.34692383	8503.52246094
1176.61242676	8408.859375
1176.87792969	8594.06542969
1177.14355469	8624.02929688
1177.40905762	8650.40917969
1177.67456055	8549.59375
1177.94006348	8565.96582031
1178.20568848	8702.12695313
1178.47119141	8655.01464844
1178.73669434	8748.87890625
1179.00219727	8801.61523438
1179.26782227	8771.45214844
1179.5333252	8767.81738281
1179.79882813	8883.96289063
1180.06433105	8821.83886719
1180.32983398	8906.99023438
1180.59545898	9070.97167969
1180.86096191	8912.00585938
1181.12646484	8874.60742188
1181.39196777	8897.68066406
1181.65759277	8855.43457031
1181.9230957	8777.27148438
1182.18859863	8960.72167969
1182.45410156	8996.36035156
1182.71972656	8980.57519531
1182.98522949	8905.59667969
1183.25073242	8946.73632813
1183.51623535	8857.21777344
1183.78186035	8701.69921875
1184.04736328	8748.98339844
1184.31286621	8726.90625
1184.57836914	8803.97753906
1184.84387207	8566.56054688
1185.10949707	8730.10742188
1185.375	8636.77441406
1185.64050293	8635.12011719
1185.90600586	8609.55078125
1186.17163086	8633.55371094
1186.43713379	8563.01953125
1186.70263672	8495.55859375
1186.96813965	8520.66894531
1187.23376465	8583.53125
1187.49926758	8478.02929688
1187.76477051	8369.23535156
1188.03027344	8436.49707031
1188.29577637	8466.35058594
1188.56140137	8467.81640625
1188.8269043	8491.16699219
1189.09240723	8445.74707031
1189.35791016	8414.38769531
1189.62353516	8382.30566406
1189.88903809	8246.29101563
1190.15454102	8380.7265625
1190.42004395	8366.53027344
1190.68566895	8302.88867188
1190.95117188	8278.54882813
1191.2166748	8293.9765625
1191.48217773	8330.75585938
1191.74768066	8154.61230469
1192.01330566	8099.71777344
1192.27880859	8267.29589844
1192.54431152	8018.61328125
1192.80981445	8173.39550781
1193.07543945	8081.14648438
1193.34094238	8160.75097656
1193.60644531	8118.62988281
1193.87194824	8088.78125
1194.13757324	8113.20800781
1194.40307617	8044.21679688
1194.6685791	8006.26757813
1194.93408203	8075.64550781
1195.19970703	8108.37792969
1195.46520996	7988.11816406
1195.73071289	7949.78222656
1195.99621582	8041.70605469
1196.26171875	7862.078125
1196.52734375	7697.36132813
1196.79284668	7938.48535156
1197.05834961	7962.1484375
1197.32385254	7801.80761719
1197.58947754	8028.29394531
1197.85498047	7994.83886719
1198.1204834	7867.41992188
1198.38598633	7869.35839844
1198.65161133	7924.62597656
1198.91711426	7837.85742188
1199.18261719	7900.82226563
1199.44812012	7991.70605469
1199.71362305	7756.57519531
1199.97924805	7751.53320313
1200.24475098	7779.41601563
1200.51025391	7762.71679688
1200.77575684	7693.79492188
1201.04138184	7589.60839844
1201.30688477	7676.62402344
1201.5723877	7665.20117188
1201.83789063	7672.0234375
1202.10351563	7696.68945313
1202.36901855	7627.97460938
1202.63452148	7579.73144531
1202.90002441	7642.5078125
1203.16564941	7606.75878906
1203.43115234	7611.93164063
1203.69665527	7684.49902344
1203.9621582	7632.94042969
1204.22766113	7763.67773438
1204.49328613	7845.72265625
1204.75878906	7648.64746094
1205.02429199	7724.17578125
1205.28979492	7739.38476563
1205.55541992	7610.265625
1205.82092285	7660.18457031
1206.08642578	7700.58203125
1206.35192871	7591.52050781
1206.61755371	7672.27246094
1206.88305664	7541.43066406
1207.14855957	7693.51074219
1207.4140625	7685.18066406
1207.67956543	7607.13769531
1207.94519043	7505.82617188
1208.21069336	7567.6953125
1208.47619629	7505.71191406
1208.74169922	7705.9921875
1209.00732422	7672.13378906
1209.27282715	7632.19824219
1209.53833008	7542.29589844
1209.80383301	7665.72851563
1210.06945801	7579.80761719
1210.33496094	7597.890625
1210.60046387	7507.56445313
1210.8659668	7491.51171875
1211.13146973	7550.14648438
1211.39709473	7590.85644531
1211.66259766	7580.72167969
1211.92810059	7550.33496094
1212.19360352	7627.35351563
1212.45922852	7624.4296875
1212.72473145	7633.3046875
1212.99023438	7697.01074219
1213.2557373	7588.49414063
1213.5213623	7532.93554688
1213.78686523	7383.21386719
1214.05236816	7707.92480469
1214.31787109	7508.13964844
1214.58349609	7446.83886719
1214.84899902	7561.94628906
1215.11450195	7376.58398438
1215.38000488	7359.13378906
1215.64550781	7465.81640625
1215.91113281	7562.86914063
1216.17663574	7493.45800781
1216.44213867	7445.15722656
1216.7076416	7496.41210938
1216.9732666	7481.88769531
1217.23876953	7490.93261719
1217.50427246	7603.15820313
1217.76977539	7571.6015625
1218.03540039	7494.43066406
1218.30090332	7526.61425781
1218.56640625	7585.98144531
1218.83190918	7576.3984375
1219.09741211	7627.37988281
1219.36303711	7658.3515625
1219.62854004	7539.89746094
1219.89404297	7548.88378906
1220.1595459	7690.06445313
1220.4251709	7613.69726563
1220.69067383	7588.97167969
1220.95617676	7643.98046875
1221.22167969	7518.296875
1221.48730469	7580.70898438
1221.75280762	7556.77539063
1222.01831055	7494.73339844
1222.28381348	7438.75292969
1222.54943848	7586.22265625
1222.81494141	7502.55859375
1223.08044434	7424.21972656
1223.34594727	7571.42480469
1223.6114502	7494.65039063
1223.8770752	7491.30566406
1224.14257813	7580.296875
1224.40808105	7507.01855469
1224.67358398	7631.32226563
1224.93920898	7635.76464844
1225.20471191	7585.62207031
1225.47021484	7635.12988281
1225.73571777	7667.97070313
1226.00134277	7612.71191406
1226.2668457	7476.94042969
1226.53234863	7477.26171875
1226.79785156	7462.84863281
1227.06335449	7654.86914063
1227.32897949	7455.03515625
1227.59448242	7536.95410156
1227.85998535	7665.50683594
1228.12548828	7505.83691406
1228.39111328	7437.17871094
1228.65661621	7548.99707031
1228.92211914	7635.7578125
1229.18762207	7670.04589844
1229.45324707	7591.35058594
1229.71875	7539.1875
1229.98425293	7575.20605469
1230.24975586	7552.85742188
1230.51538086	7609.38769531
1230.78088379	7654.359375
1231.04638672	7644.14550781
1231.31188965	7731.83300781
1231.57739258	7773.23046875
1231.84301758	7698.95996094
1232.10852051	7759.88769531
1232.37402344	7712.44726563
1232.63952637	7762.69824219
1232.90515137	7682.45605469
1233.1706543	7798.27539063
1233.43615723	7597.39160156
1233.70166016	7872.91699219
1233.96728516	7716.51855469
1234.23278809	7611.47949219
1234.49829102	7886.78808594
1234.76379395	7809.82617188
1235.02929688	7834.93066406
1235.29492188	7955.71679688
1235.5604248	7824.10839844
1235.82592773	7869.67578125
1236.09143066	7836.88085938
1236.35705566	7675.87695313
1236.62255859	7820.37207031
1236.88806152	7881.09375
1237.15356445	7877.88574219
1237.41918945	7828.84960938
1237.68469238	7782.2109375
1237.95019531	7824.42285156
1238.21569824	7843.71679688
1238.48120117	7879.39160156
1238.74682617	7871.38476563
1239.0123291	7860.24609375
1239.27783203	7880.70117188
1239.54333496	7908.05175781
1239.80895996	7902.11328125
1240.07446289	7837.03710938
1240.33996582	7837.40332031
1240.60546875	7844.96386719
1240.87109375	7944.15722656
1241.13659668	7958.42773438
1241.40209961	8045.75683594
1241.66760254	8033.00488281
1241.93322754	7919.67675781
1242.19873047	7945.11523438
1242.4642334	8023.37402344
1242.72973633	7814.68652344
1242.99523926	7846.13964844
1243.26086426	7795.33691406
1243.52636719	8006.71191406
1243.79187012	7982.02050781
1244.05737305	7820.98632813
1244.32299805	7857
1244.58850098	7940.53222656
1244.85400391	7990.13183594
1245.11950684	7961.58691406
1245.38513184	8047.29199219
1245.65063477	8001.15722656
1245.9161377	8220.23339844
1246.18164063	8010.97753906
1246.44714355	7901.09667969
1246.71276855	8000.54296875
1246.97827148	7970.03125
1247.24377441	7944.5859375
1247.50927734	7984.01367188
1247.77490234	7969.15722656
1248.04040527	7817.68066406
1248.3059082	7954.90332031
1248.57141113	8094.11230469
1248.83703613	8029.81054688
1249.10253906	8003.47070313
1249.36804199	8086.79492188
1249.63354492	8147.02636719
1249.89916992	8118.44335938
1250.16467285	8068.16992188
1250.43017578	8074.92285156
1250.69567871	8061.65234375
1250.96118164	7970.91601563
1251.22680664	8060.04101563
1251.49230957	8107.46777344
1251.7578125	7930.11816406
1252.02331543	8023.28417969
1252.28894043	8153.5390625
1252.55444336	8186.19726563
1252.81994629	8174.87109375
1253.08544922	8143.28027344
1253.35107422	8085.01367188
1253.61657715	8035.58300781
1253.88208008	8042.78613281
1254.14758301	8061.29882813
1254.41308594	8057.671875
1254.67871094	8170.06738281
1254.94421387	8087.21484375
1255.2097168	8101.44824219
1255.47521973	8111.34082031
1255.74084473	8204.57617188
1256.00634766	8110.84570313
1256.27185059	8251.58203125
1256.53735352	8186.83789063
1256.80297852	8348.41992188
1257.06848145	8286.04199219
1257.33398438	8252.69824219
1257.5994873	8221.61816406
1257.8651123	8218.06835938
1258.13061523	8196.9921875
1258.39611816	8234.15429688
1258.66162109	8184.50976563
1258.92712402	8245.08496094
1259.19274902	8250.17773438
1259.45825195	8209.84082031
1259.72375488	8270.93554688
1259.98925781	8259.23632813
1260.25488281	8266.53125
1260.52038574	8228.18261719
1260.78588867	8200.546875
1261.0513916	8251.00390625
1261.3170166	8282.98828125
1261.58251953	8349.63183594
1261.84802246	8339.72167969
1262.11352539	8335.51171875
1262.37902832	8383.953125
1262.64465332	8334.32226563
1262.91015625	8275.76660156
1263.17565918	8227.44726563
1263.44116211	8284.1484375
1263.70678711	8327.16796875
1263.97229004	8580.65625
1264.23779297	8401.26953125
1264.5032959	8356.3203125
1264.7689209	8449.00488281
1265.03442383	8265.03027344
1265.29992676	8190.87792969
1265.56542969	8221.99023438
1265.83093262	8313.02246094
1266.09655762	8453.73730469
1266.36206055	8454.22167969
1266.62756348	8581.68457031
1266.89306641	8450.91992188
1267.15869141	8513.25488281
1267.42419434	8532.86132813
1267.68969727	8659.86035156
1267.9552002	8542.76464844
1268.2208252	8483.98925781
1268.48632813	8500.97558594
1268.75183105	8421.75976563
1269.01733398	8451.234375
1269.28295898	8576.56054688
1269.54846191	8481.73632813
1269.81396484	8426.87988281
1270.07946777	8486.27441406
1270.3449707	8687.83007813
1270.6105957	8649.03320313
1270.87609863	8555.16796875
1271.14160156	8493.16699219
1271.40710449	8607.90136719
1271.67272949	8687.26367188
1271.93823242	8609.69042969
1272.20373535	8594.19921875
1272.46923828	8704.25488281
1272.73486328	8693.39648438
1273.00036621	8582.63964844
1273.26586914	8660.31152344
1273.53137207	8753.83300781
1273.796875	8729.77636719
1274.0625	8781.85644531
1274.32800293	8774.34960938
1274.59350586	8695.63476563
1274.85900879	8767.72265625
1275.12463379	8908.39941406
1275.39013672	8922.90429688
1275.65563965	8821.31152344
1275.92114258	8873.06640625
1276.18676758	8839.2734375
1276.45227051	8776.9296875
1276.71777344	8809.1015625
1276.98327637	8880.83984375
1277.24890137	8718.77636719
1277.5144043	8980.54492188
1277.77990723	9225.24414063
1278.04541016	8932.09179688
1278.31091309	8973.73632813
1278.57653809	8889.05175781
1278.84204102	8909.00878906
1279.10754395	9004.61132813
1279.37304688	8936.546875
1279.63867188	8994.04492188
1279.9041748	9170.15625
1280.16967773	9270.65136719
1280.43518066	9187.24707031
1280.70080566	9182.88574219
1280.96630859	9210.30859375
1281.23181152	9071.93945313
1281.49731445	9063.64648438
1281.76281738	9192.19042969
1282.02844238	9112.51660156
1282.29394531	9052.05371094
1282.55944824	9062.08984375
1282.82495117	9213.62402344
1283.09057617	9247.01074219
1283.3560791	9079.03027344
1283.62158203	9135.5234375
1283.88708496	9077.83300781
1284.15270996	9105.14160156
1284.41821289	9171.50585938
1284.68371582	9222.80078125
1284.94921875	9042.265625
1285.21472168	9109.38671875
1285.48034668	9192.41210938
1285.74584961	9125.87792969
1286.01135254	9174.01855469
1286.27685547	9175.26367188
1286.54248047	9115.45996094
1286.8079834	9189.75488281
1287.07348633	9122.296875
1287.33898926	8993.46972656
1287.60461426	9108.49414063
1287.87011719	9208.61914063
1288.13562012	9184.66015625
1288.40112305	9098.86914063
1288.66674805	9129.69824219
1288.93225098	9231.36132813
1289.19775391	9074.5703125
1289.46325684	9092.20898438
1289.72875977	9056.77441406
1289.99438477	8902.92382813
1290.2598877	8879.76660156
1290.52539063	9058.38378906
1290.79089355	8890.66796875
1291.05651855	9087.50097656
1291.32202148	8950.69433594
1291.58752441	8928.49609375
1291.85302734	8991.5859375
1292.11865234	9104.44042969
1292.38415527	9027.32714844
1292.6496582	8984.58789063
1292.91516113	8927.48144531
1293.18066406	8727.68554688
1293.44628906	9012.90722656
1293.71179199	9025.95117188
1293.97729492	8846.68554688
1294.24279785	8965.41796875
1294.50842285	8909.26171875
1294.77392578	8942.79589844
1295.03942871	8902.85351563
1295.30493164	8933.63183594
1295.57055664	8984.19238281
1295.83605957	8826.39746094
1296.1015625	8781.91796875
1296.36706543	8843.65527344
1296.63269043	8688.19726563
1296.89819336	8831.04980469
1297.16369629	8676.48632813
1297.42919922	8779.58789063
1297.69470215	8832.19921875
1297.96032715	8756.00390625
1298.22583008	8774.28417969
1298.49133301	8742.625
1298.75683594	8682.32519531
1299.02246094	8633.01855469
1299.28796387	8627.375
1299.5534668	8535.81152344
1299.81896973	8658.55175781
1300.08459473	8687.99902344
1300.35009766	8599.91601563
1300.61560059	8636.00683594
1300.88110352	8661.04882813
1301.14660645	8622.84570313
1301.41223145	8602.08691406
1301.67773438	8541.07519531
1301.9432373	8443.67675781
1302.20874023	8410.73144531
1302.47436523	8401.69921875
1302.73986816	8471.0234375
1303.00537109	8514.97558594
1303.27087402	8560.36035156
1303.53649902	8529.38378906
1303.80200195	8474.91503906
1304.06750488	8474.19824219
1304.33300781	8500.39160156
1304.59863281	8592.12792969
1304.86413574	8498.18066406
1305.12963867	8566.546875
1305.3951416	8627.26660156
1305.66064453	8579.38476563
1305.92626953	8657.64257813
1306.19177246	8556.33300781
1306.45727539	8465.53613281
1306.72277832	8513.17773438
1306.98840332	8546.41503906
1307.25390625	8565.30957031
1307.51940918	8615.921875
1307.78491211	8467.63867188
1308.05053711	8451.16796875
1308.31604004	8460.75292969
1308.58154297	8621.42382813
1308.8470459	8431.76464844
1309.11254883	8435.18261719
1309.37817383	8291.39648438
1309.64367676	8484.6640625
1309.90917969	8538.67382813
1310.17468262	8407.95507813
1310.44030762	8466.26660156
1310.70581055	8568.72949219
1310.97131348	8442.51855469
1311.23681641	8596.0625
1311.50244141	8393.28222656
1311.76794434	8442.66210938
1312.03344727	8597.27441406
1312.2989502	8441.46484375
1312.56445313	8417.00683594
1312.83007813	8441.70800781
1313.09558105	8596.71191406
1313.36108398	8515.30664063
1313.62658691	8629.68457031
1313.89221191	8376.99316406
1314.15771484	8443.22753906
1314.42321777	8661.02441406
1314.6887207	8463.08007813
1314.9543457	8459.97753906
1315.21984863	8417.53808594
1315.48535156	8355.83789063
1315.75085449	8372.34082031
1316.01647949	8387.76660156
1316.28198242	8365.95996094
1316.54748535	8579.69140625
1316.81298828	8449.09667969
1317.07849121	8377.81445313
1317.34411621	8447.30761719
1317.60961914	8498.02050781
1317.87512207	8408.0390625
1318.140625	8399.22753906
1318.40625	8395.54003906
1318.67175293	8415.8984375
1318.93725586	8432.21679688
1319.20275879	8443.13378906
1319.46838379	8376.79589844
1319.73388672	8511.83300781
1319.99938965	8535.36230469
1320.26489258	8645.28710938
1320.53039551	8508.22167969
1320.79602051	8368.14355469
1321.06152344	8319.6171875
1321.32702637	8377.48730469
1321.5925293	8492.18457031
1321.8581543	8594.25976563
1322.12365723	8547.59570313
1322.38916016	8541.65820313
1322.65466309	8544.62890625
1322.92028809	8557.421875
1323.18579102	8630.37304688
1323.45129395	8639.859375
1323.71679688	8564.13867188
1323.98242188	8473.3359375
1324.2479248	8527.66113281
1324.51342773	8667.75097656
1324.77893066	8717.14355469
1325.04443359	8567.12109375
1325.31005859	8446.3046875
1325.57556152	8571.1796875
1325.84106445	8591.64355469
1326.10656738	8508.41015625
1326.37219238	8524.23339844
1326.63769531	8556.81738281
1326.90319824	8552.41113281
1327.16870117	8562.95507813
1327.43432617	8599.30957031
1327.6998291	8651.93359375
1327.96533203	8422.5390625
1328.23083496	8450.98632813
1328.49633789	8518.0078125
1328.76196289	8647.02636719
1329.02746582	8649.88867188
1329.29296875	8558.01171875
1329.55847168	8545.40722656
1329.82409668	8558.15234375
1330.08959961	8596.93164063
1330.35510254	8595.14355469
1330.62060547	8551.52832031
1330.88623047	8598.88769531
1331.1517334	8564.07714844
1331.41723633	8574.22753906
1331.68273926	8649.8125
1331.94824219	8452.99804688
1332.21386719	8570.39160156
1332.47937012	8535.70019531
1332.74487305	8609.9765625
1333.01037598	8552.19921875
1333.27600098	8536.0546875
1333.54150391	8604.42089844
1333.80700684	8670.05273438
1334.07250977	8603.72753906
1334.33813477	8787.12890625
1334.6036377	8658.3515625
1334.86914063	8537.14550781
1335.13464355	8697.64160156
1335.40026855	8645.640625
1335.66577148	8717.01269531
1335.93127441	8787.05078125
1336.19677734	8791.43359375
1336.46228027	8771.3046875
1336.72790527	8664.28710938
1336.9934082	8740.57714844
1337.25891113	8802.05566406
1337.52441406	8593.74023438
1337.79003906	8694.39941406
1338.05554199	8745.84375
1338.32104492	8635.80078125
1338.58654785	8565.45703125
1338.85217285	8668.8828125
1339.11767578	8619.17480469
1339.38317871	8614.88574219
1339.64868164	8749.79492188
1339.91418457	8591.37304688
1340.17980957	8685.51171875
1340.4453125	8746.65429688
1340.71081543	8714.35449219
1340.97631836	8732.46289063
1341.24194336	8751.4609375
1341.50744629	8593.72753906
1341.77294922	8495.68652344
1342.03845215	8633.02539063
1342.30407715	8548.96484375
1342.56958008	8522.59960938
1342.83508301	8525.13769531
1343.10058594	8494.30273438
1343.36621094	8625.74414063
1343.63171387	8563.78027344
1343.8972168	8520.81933594
1344.16271973	8494.12988281
1344.42822266	8594.72363281
1344.69384766	8456.18847656
1344.95935059	8482.78710938
1345.22485352	8660.19140625
1345.49035645	8522.36230469
1345.75598145	8515.60058594
1346.02148438	8630.48144531
1346.2869873	8726.56933594
1346.55249023	8640.32910156
1346.81811523	8604.67382813
1347.08361816	8586.19433594
1347.34912109	8527.77929688
1347.61462402	8618.78515625
1347.88012695	8622.10351563
1348.14575195	8592.46777344
1348.41125488	8700.15136719
1348.67675781	8855.95019531
1348.94226074	8757.92285156
1349.20788574	8712.01367188
1349.47338867	8772.24414063
1349.7388916	8911.88085938
1350.00439453	8782.34960938
1350.27001953	8677.95800781
1350.53552246	8712.43066406
1350.80102539	8660.60351563
1351.06652832	8689.71582031
1351.33215332	8786.34960938
1351.59765625	8890.70898438
1351.86315918	8870.140625
1352.12866211	8765.91796875
1352.39416504	8788.109375
1352.65979004	8714.04785156
1352.92529297	8808.23339844
1353.1907959	8966.7734375
1353.45629883	8963.63769531
1353.72192383	8905.625
1353.98742676	8858.78417969
1354.25292969	8849.22167969
1354.51843262	8915.15429688
1354.78405762	8843.01855469
1355.04956055	8787.625
1355.31506348	8883.12011719
1355.58056641	8861.63867188
1355.84606934	8742.97363281
1356.11169434	8675.90917969
1356.37719727	8661.63574219
1356.6427002	8622.21679688
1356.90820313	8719.62597656
1357.17382813	8833.09179688
1357.43933105	8763.11425781
1357.70483398	8733.48242188
1357.97033691	8729.68261719
1358.23596191	8632.48144531
1358.50146484	8639.38574219
1358.76696777	8709.5625
1359.0324707	8691.15722656
1359.29797363	8790.27441406
1359.56359863	8830.62109375
1359.82910156	8802.21191406
1360.09460449	8761.82226563
1360.36010742	8730.13671875
1360.62573242	8770.4453125
1360.89123535	8664.5234375
1361.15673828	8739.69335938
1361.42224121	8741.10449219
1361.68786621	8684.85644531
1361.95336914	8751.29003906
1362.21887207	8818.64160156
1362.484375	8703.99414063
1362.75	8597.9609375
1363.01550293	8740.55566406
1363.28100586	8835.92578125
1363.54650879	8762.59765625
1363.81201172	8809.70703125
1364.07763672	8772.89453125
1364.34313965	8748.17480469
1364.60864258	8686.73242188
1364.87414551	8750.23632813
1365.13977051	8867.79199219
1365.40527344	8964.75
1365.67077637	8750.3203125
1365.9362793	8673.04882813
1366.2019043	8826.68066406
1366.46740723	8901.94628906
1366.73291016	8712.76367188
1366.99841309	8812.15625
1367.26391602	8761.15820313
1367.52954102	8734.99511719
1367.79504395	8786.73632813
1368.06054688	8731.00585938
1368.3260498	8610.68847656
1368.5916748	8796.86132813
1368.85717773	8723.74902344
1369.12268066	8520.7734375
1369.38818359	8577.1796875
1369.65380859	8561.38183594
1369.91931152	8768.95117188
1370.18481445	8615.02929688
1370.45031738	8517.22851563
1370.71594238	8628.26367188
1370.98144531	8666.52832031
1371.24694824	8587.40527344
1371.51245117	8509.72167969
1371.7779541	8579.21484375
1372.0435791	8585.11816406
1372.30908203	8604.95703125
1372.57458496	8680.984375
1372.84008789	8673.79785156
1373.10571289	8553.84960938
1373.37121582	8462.27539063
1373.63671875	8664.27929688
1373.90222168	8480.82519531
1374.16784668	8616.5078125
1374.43334961	8687.74121094
1374.69885254	8542.16113281
1374.96435547	8585.94921875
1375.2298584	8680.44433594
1375.4954834	8585.09863281
1375.76098633	8536.05859375
1376.02648926	8599.68164063
1376.29199219	8517.36328125
1376.55761719	8589.91699219
1376.82312012	8415.89941406
1377.08862305	8666.66113281
1377.35412598	8498.61816406
1377.61975098	8603.13574219
1377.88525391	8504.39160156
1378.15075684	8507.2578125
1378.41625977	8533.07714844
1378.6817627	8444.70898438
1378.9473877	8554.90332031
1379.21289063	8554.30566406
1379.47839355	8599.1953125
1379.74389648	8474.18457031
1380.00952148	8467.72949219
1380.27502441	8504.66503906
1380.54052734	8622.47558594
1380.80603027	8468.07421875
1381.07165527	8524.11523438
1381.3371582	8497.50488281
1381.60266113	8355.35449219
1381.86816406	8397.46484375
1382.13378906	8492.15820313
1382.39929199	8531.1875
1382.66479492	8403.98632813
1382.93029785	8490.52148438
1383.19580078	8459.84082031
1383.46142578	8473.12304688
1383.72692871	8514.3984375
1383.99243164	8439.67382813
1384.25793457	8485.18457031
1384.52355957	8405.05371094
1384.7890625	8400.17578125
1385.05456543	8256.109375
1385.32006836	8407.4296875
1385.58569336	8488.49121094
1385.85119629	8432.18945313
1386.11669922	8420.94921875
1386.38220215	8364.01464844
1386.64770508	8391.30273438
1386.91333008	8372.125
1387.17883301	8296.92089844
1387.44433594	8317.53808594
1387.70983887	8163.02050781
1387.97546387	8395.03417969
1388.2409668	8350.84375
1388.50646973	8240.12304688
1388.77197266	8166.0234375
1389.03759766	8331.45703125
1389.30310059	8333.85644531
1389.56860352	8306.49023438
1389.83410645	8142.34570313
1390.09973145	8162.70019531
1390.36523438	8268.24902344
1390.6307373	8228.625
1390.89624023	8295.8828125
1391.16174316	8274.5625
1391.42736816	8290.64453125
1391.69287109	8246.16210938
1391.95837402	8196.97460938
1392.22387695	8316.05664063
1392.48950195	8260.70117188
1392.75500488	8283.0234375
1393.02050781	8256.8984375
1393.28601074	8171.65039063
1393.55163574	8277.04589844
1393.81713867	8285.41308594
1394.0826416	8224.51855469
1394.34814453	8282.28320313
1394.61364746	8260.39453125
1394.87927246	8250.11132813
1395.14477539	8097.23242188
1395.41027832	8212.11425781
1395.67578125	8140.91015625
1395.94140625	8101.97460938
1396.20690918	8258.22070313
1396.47241211	8145.07519531
1396.73791504	8083.74609375
1397.00354004	8104.5546875
1397.26904297	8201.51660156
1397.5345459	8271.15527344
1397.80004883	8129.83886719
1398.06567383	8230.6875
1398.33117676	8155.25
1398.59667969	8175.85449219
1398.86218262	8090.0078125
1399.12768555	8109.31152344
1399.39331055	8230.79199219
1399.65881348	8239.82519531
1399.92431641	8097.48535156
1400.18981934	8266.94042969
1400.45544434	8290.48242188
1400.72094727	8336.07910156
1400.9864502	8291.50292969
1401.25195313	8122.42773438
1401.51757813	8257.22265625
1401.78308105	8163.83398438
1402.04858398	8168.83691406
1402.31408691	8288.40234375
1402.57958984	8228.37597656
1402.84521484	8217.96875
1403.11071777	8218.83203125
1403.3762207	8235.45117188
1403.64172363	8260.93847656
1403.90734863	8299.84863281
1404.17285156	8348.08984375
1404.43835449	8360.82324219
1404.70385742	8219.67578125
1404.96948242	8199.24316406
1405.23498535	8306.41894531
1405.50048828	8302.37597656
1405.76599121	8244.92675781
1406.03149414	8254.74707031
1406.29711914	8353.91699219
1406.56262207	8377.79003906
1406.828125	8173.29980469
1407.09362793	8205.07714844
1407.35925293	8295.57324219
1407.62475586	8261.04492188
1407.89025879	8181.33496094
1408.15576172	8197.18261719
1408.42138672	8289.4609375
1408.68688965	8416.58789063
1408.95239258	8377.00488281
1409.21789551	8280.46289063
1409.48352051	8244.40722656
1409.74902344	8283.10546875
1410.01452637	8271.24902344
1410.2800293	8236.32324219
1410.54553223	8271.859375
1410.81115723	8199.05957031
1411.07666016	8111.86425781
1411.34216309	8175.15820313
1411.60766602	8198.31445313
1411.87329102	8323.80175781
1412.13879395	8349.72265625
1412.40429688	8276.52539063
1412.6697998	8267.56347656
1412.9354248	8163.62792969
1413.20092773	8165.62109375
1413.46643066	8112.0703125
1413.73193359	8044.22167969
1413.99743652	8158.71972656
1414.26306152	8303.97558594
1414.52856445	8207.5625
1414.79406738	8114.94335938
1415.05957031	8265.60644531
1415.32519531	8289.71679688
1415.59069824	8278.296875
1415.85620117	8200.84179688
1416.1217041	8153.05175781
1416.3873291	8180.79296875
1416.65283203	8133.96875
1416.91833496	8116.61035156
1417.18383789	8177.00488281
1417.44946289	8151.14453125
1417.71496582	8140.01171875
1417.98046875	8045.09277344
1418.24597168	8096.12792969
1418.51147461	8137.35546875
1418.77709961	8223.10449219
1419.04260254	8203.39355469
1419.30810547	8221.89648438
1419.5736084	8361.57617188
1419.8392334	8368.66210938
1420.10473633	8168.02734375
1420.37023926	8184.97265625
1420.63574219	8203.5390625
1420.90136719	8147.4453125
1421.16687012	8281.34863281
1421.43237305	8275.82714844
1421.69787598	8142.50683594
1421.96337891	8234.81054688
1422.22900391	8253.19140625
1422.49450684	8215.12695313
1422.76000977	8158.10742188
1423.0255127	8132.99414063
1423.2911377	8204.51171875
1423.55664063	8174.91210938
1423.82214355	8358.11035156
1424.08764648	8221.71582031
1424.35327148	8190.94628906
1424.61877441	8260.62792969
1424.88427734	8136.82910156
1425.14978027	8053.48828125
1425.4152832	8203.8984375
1425.6809082	8289.32910156
1425.94641113	8288.53125
1426.21191406	8198.04589844
1426.47741699	7959.93261719
1426.74304199	8185.17773438
1427.00854492	8370.92773438
1427.27404785	8338.33398438
1427.53955078	8208.10253906
1427.80517578	8115.93457031
1428.07067871	8308.22070313
1428.33618164	8111.57421875
1428.60168457	8160.09667969
1428.86730957	8240.01367188
1429.1328125	8310.109375
1429.39831543	8249.94238281
1429.66381836	8216.63671875
1429.92932129	8267.44824219
1430.19494629	8083.95996094
1430.46044922	8365.84179688
1430.72595215	8240.48242188
1430.99145508	8104.73339844
1431.25708008	8215.93066406
1431.52258301	8298.9375
1431.78808594	8213.86914063
1432.05358887	8291.58691406
1432.31921387	8348.72460938
1432.5847168	8342.27246094
1432.85021973	8452.91796875
1433.11572266	8419.17578125
1433.38122559	8295.90917969
1433.64685059	8281.54980469
1433.91235352	8297.45703125
1434.17785645	8335.26953125
1434.44335938	8424.38867188
1434.70898438	8465.69628906
1434.9744873	8504.18652344
1435.23999023	8290.21972656
1435.50549316	8318.8046875
1435.77111816	8395.5546875
1436.03662109	8625.86328125
1436.30212402	8454.78125
1436.56762695	8298.25
1436.83325195	8519.27832031
1437.09875488	8601.43164063
1437.36425781	8626.37304688
1437.62976074	8424.17871094
1437.89526367	8522.02929688
1438.16088867	8593.72070313
1438.4263916	8467.88867188
1438.69189453	8518.36132813
1438.95739746	8465.87695313
1439.22302246	8560.29101563
1439.48852539	8627.14160156
1439.75402832	8445.34082031
1440.01953125	8439.85839844
1440.28515625	8593.5859375
1440.55065918	8484.58789063
1440.81616211	8540.94433594
1441.08166504	8480.52636719
1441.34716797	8494.45605469
1441.61279297	8434.18945313
1441.8782959	8509.55078125
1442.14379883	8550.99316406
1442.40930176	8485.01855469
1442.67492676	8530.68066406
1442.94042969	8544.4453125
1443.20593262	8414.02734375
1443.47143555	8375.86230469
1443.73706055	8485.9609375
1444.00256348	8535.42285156
1444.26806641	8495.4921875
1444.53356934	8496.09179688
1444.79919434	8522.3515625
1445.06469727	8498.81542969
1445.3302002	8586.74316406
1445.59570313	8604.40136719
1445.86120605	8599.31933594
1446.12683105	8571.6171875
1446.39233398	8476.17871094
1446.65783691	8565.00195313
1446.92333984	8575.87109375
1447.18896484	8675.37988281
1447.45446777	8617.75195313
1447.7199707	8693.14746094
1447.98547363	8546.14160156
1448.25109863	8631.23535156
1448.51660156	8507.484375
1448.78210449	8462.5
1449.04760742	8540.11621094
1449.31311035	8433.43457031
1449.57873535	8617.23535156
1449.84423828	8709.27929688
1450.10974121	8584.02734375
1450.37524414	8759.44140625
1450.64086914	8583.14550781
1450.90637207	8639.19628906
1451.171875	8610.125
1451.43737793	8714.65332031
1451.70300293	8722.22363281
1451.96850586	8628.63671875
1452.23400879	8616.07226563
1452.49951172	8759.98339844
1452.76501465	8803.54980469
1453.03063965	8792.62988281
1453.29614258	8883.87011719
1453.56164551	8760.9296875
1453.82714844	8787.49609375
1454.09277344	8629.12304688
1454.35827637	8794.07617188
1454.6237793	8807.91992188
1454.88928223	8599.92480469
1455.15490723	8611.06738281
1455.42041016	8789.03613281
1455.68591309	8651.33886719
1455.95141602	9029.46484375
1456.21704102	8655.29980469
1456.48254395	8762.84277344
1456.74804688	8810.09375
1457.0135498	8692.42480469
1457.27905273	8818.4765625
1457.54467773	8792.98925781
1457.81018066	8951.95507813
1458.07568359	8901.20800781
1458.34118652	8917.66796875
1458.60681152	8853.50097656
1458.87231445	8726.42382813
1459.13781738	8901.02636719
1459.40332031	8802.609375
1459.66894531	8705.84277344
1459.93444824	8726.92382813
1460.19995117	8860.24316406
1460.4654541	8783.63476563
1460.73095703	8805.95605469
1460.99658203	8883.11816406
1461.26208496	8898.53320313
1461.52758789	8770.83496094
1461.79309082	8804.9609375
1462.05871582	8858.79101563
1462.32421875	8898.24902344
1462.58972168	8911.39355469
1462.85522461	8948.50878906
1463.12084961	8912.70703125
1463.38635254	8902.56738281
1463.65185547	8895.22167969
1463.9173584	8862.51757813
1464.1829834	8912.6875
1464.44848633	8986.73632813
1464.71398926	9064.66503906
1464.97949219	8955.55078125
1465.24499512	9115.31347656
1465.51062012	9119.17773438
1465.77612305	9078.72363281
1466.04162598	9148.25292969
1466.30712891	9167.46679688
1466.57275391	9214.43164063
1466.83825684	9183.36132813
1467.10375977	9280.40039063
1467.3692627	9207.21289063
1467.6348877	9281.48730469
1467.90039063	9242.93554688
1468.16589355	9355.54882813
1468.43139648	9338.96777344
1468.69689941	9351.04492188
1468.96252441	9423.89257813
1469.22802734	9395.64648438
1469.49353027	9377.52929688
1469.7590332	9373.60351563
1470.0246582	9487.17382813
1470.29016113	9536.1796875
1470.55566406	9646.15429688
1470.82116699	9523.30371094
1471.08679199	9662.22851563
1471.35229492	9766.88769531
1471.61779785	9674.36230469
1471.88330078	9832.58496094
1472.14880371	9796.56054688
1472.41442871	9667.97949219
1472.67993164	9733.32617188
1472.94543457	9847.84863281
1473.2109375	9836.13964844
1473.4765625	9860.71191406
1473.74206543	9839.00585938
1474.00756836	9782.92773438
1474.27307129	9772.02929688
1474.53869629	9794.29589844
1474.80419922	9835.9296875
1475.06970215	9769.87792969
1475.33520508	9793.87695313
1475.60083008	9723.10742188
1475.86633301	9848.3125
1476.13183594	9782.54003906
1476.39733887	9735.14355469
1476.6628418	9711.25390625
1476.9284668	9693.36035156
1477.19396973	9711.18847656
1477.45947266	9771.95214844
1477.72497559	9763.27539063
1477.99060059	9625.23925781
1478.25610352	9611.42578125
1478.52160645	9673.95507813
1478.78710938	9637.38964844
1479.05273438	9599.52441406
1479.3182373	9699.59082031
1479.58374023	9702.57226563
1479.84924316	9728.0859375
1480.11474609	9656.17871094
1480.38037109	9792.73828125
1480.64587402	9664.1171875
1480.91137695	9663.97363281
1481.17687988	9719.84570313
1481.44250488	9625.62695313
1481.70800781	9735.55761719
1481.97351074	9753.94433594
1482.23901367	9649.70019531
1482.50463867	9709.01171875
1482.7701416	9726.20410156
1483.03564453	9723.72070313
1483.30114746	9749.09960938
1483.56677246	9674.68457031
1483.83227539	9593.75488281
1484.09777832	9770.88085938
1484.36328125	9590.64453125
1484.62878418	9691.72949219
1484.89440918	9760.81933594
1485.15991211	9867.62792969
1485.42541504	9815.01660156
1485.69091797	10006.5029297
1485.95654297	9801.09472656
1486.2220459	9914.16699219
1486.48754883	9740.44824219
1486.75305176	9719.98730469
1487.01867676	9734.91894531
1487.28417969	9843.35839844
1487.54968262	9829.86035156
1487.81518555	9782.46191406
1488.08068848	9660.63964844
1488.34631348	9811.27148438
1488.61181641	9822.49902344
1488.87731934	9787.83105469
1489.14282227	9811.64257813
1489.40844727	9849.47460938
1489.6739502	9715.65332031
1489.93945313	9746.08203125
1490.20495605	9779.29492188
1490.47058105	9934.66015625
1490.73608398	9712.00683594
1491.00158691	9757.52441406
1491.26708984	9856.54101563
1491.53271484	9751.23730469
1491.79821777	9902.98144531
1492.0637207	9871.90429688
1492.32922363	9729.27734375
1492.59472656	9766.609375
1492.86035156	9835.19042969
1493.12585449	9769.35253906
1493.39135742	9724.53417969
1493.65686035	9816.66992188
1493.92248535	9662.63964844
1494.18798828	9731.09179688
1494.45349121	9712.20410156
1494.71899414	9686.8046875
1494.98461914	9729.02832031
1495.25012207	9833.01660156
1495.515625	9895.47363281
1495.78112793	9831.56933594
1496.04663086	9706.68457031
1496.31225586	9750.21679688
1496.57775879	9928.88964844
1496.84326172	9843.43457031
1497.10876465	9864.36621094
1497.37438965	9763.52148438
1497.63989258	9944.79003906
1497.90539551	9827.70410156
1498.17089844	9948.31054688
1498.43652344	9801.57617188
1498.70202637	9890.37304688
1498.9675293	9772.07421875
1499.23303223	9967.02636719
1499.49853516	9997.07519531
1499.76416016	9904.34667969
1500.02966309	9880.85253906
1500.29516602	9782.41503906
1500.56066895	9923.68066406
1500.82629395	9953.04492188
1501.09179688	10038.3515625
1501.3572998	9923.5
1501.62280273	9773.35839844
1501.88842773	9989.38378906
1502.15393066	9934.0234375
1502.41943359	9992.19433594
1502.68493652	9857.80859375
1502.95056152	10055.4882813
1503.21606445	9978.3515625
1503.48156738	10076.3203125
1503.74707031	9910.5390625
1504.01257324	10059.8671875
1504.27819824	9832.91210938
1504.54370117	9924.99414063
1504.8092041	9896.11621094
1505.07470703	10007.4570313
1505.34033203	9925.1484375
1505.60583496	9956.44238281
1505.87133789	9941.25292969
1506.13684082	10009.7470703
1506.40246582	9981.10351563
1506.66796875	10114.0751953
1506.93347168	9928.65820313
1507.19897461	9824.52734375
1507.46447754	10077.3242188
1507.73010254	10194.3847656
1507.99560547	9881.01074219
1508.2611084	9990.92382813
1508.52661133	9997.09375
1508.79223633	9968.60644531
1509.05773926	10106.0117188
1509.32324219	9978.42871094
1509.58874512	10148.2919922
1509.85437012	9844.04101563
1510.11987305	10008.703125
1510.38537598	9924.6015625
1510.65087891	10035.9824219
1510.91650391	9942.2421875
1511.18200684	10142.5107422
1511.44750977	10159.2626953
1511.7130127	10066.4599609
1511.97851563	10094.9013672
1512.24414063	10181.1269531
1512.50964355	10177.9716797
1512.77514648	10021.0615234
1513.04064941	10073.1240234
1513.30627441	10261.1259766
1513.57177734	10098.4277344
1513.83728027	10158.2197266
1514.1027832	10250.5273438
1514.3684082	10238.734375
1514.63391113	10244.0322266
1514.89941406	10255.1689453
1515.16491699	10155.6162109
1515.43041992	10306.4101563
1515.69604492	9958.45898438
1515.96154785	10174.2001953
1516.22705078	10274.2167969
1516.49255371	10264.9638672
1516.75817871	10253.0283203
1517.02368164	10269.0517578
1517.28918457	10123.6679688
1517.5546875	10165.8955078
1517.8203125	10252.640625
1518.08581543	10184.7294922
1518.35131836	10192.7675781
1518.61682129	10282.8994141
1518.88232422	10418.4589844
1519.14794922	10299.1171875
1519.41345215	10214.3769531
1519.67895508	10276.2402344
1519.94445801	10356.0175781
1520.21008301	10317.0986328
1520.47558594	10309.3125
1520.74108887	10279.8964844
1521.0065918	10238.9628906
1521.2722168	10251.7705078
1521.53771973	10373.9638672
1521.80322266	10464.9033203
1522.06872559	10302.5488281
1522.33435059	10344.0449219
1522.59985352	10369.3222656
1522.86535645	10306.3017578
1523.13085938	10306.7783203
1523.3963623	10389.5302734
1523.6619873	10429.7294922
1523.92749023	10609.71875
1524.19299316	10671.8388672
1524.45849609	10523.5029297
1524.72412109	10455.7333984
1524.98962402	10562.0615234
1525.25512695	10559.5107422
1525.52062988	10566.7832031
1525.78625488	10603.9121094
1526.05175781	10611.5400391
1526.31726074	10600.0732422
1526.58276367	10675.0957031
1526.8482666	10755.6523438
1527.1138916	10692.4951172
1527.37939453	10617.6386719
1527.64489746	10774.9824219
1527.91040039	10792.3417969
1528.17602539	10645.4248047
1528.44152832	10495.7451172
1528.70703125	10486.796875
1528.97253418	10732.984375
1529.23815918	10722.0253906
1529.50366211	10693.1396484
1529.76916504	10667.9765625
1530.03466797	10609.4042969
1530.30029297	10830.828125
1530.5657959	10795.4853516
1530.83129883	10687.8173828
1531.09680176	10686.2685547
1531.36230469	10662.4326172
1531.62792969	10801.5117188
1531.89343262	10844.7099609
1532.15893555	10719.1494141
1532.42443848	10738.2490234
1532.69006348	10749.6757813
1532.95556641	10780.2294922
1533.22106934	10831.1162109
1533.48657227	10749.6181641
1533.75219727	10684.640625
1534.0177002	10832.8408203
1534.28320313	10916.6699219
1534.54870605	10732.4277344
1534.81420898	10833.1035156
1535.07983398	10765.4394531
1535.34533691	10793.2421875
1535.61083984	10638.8623047
1535.87634277	10816.3095703
1536.14196777	10896.9794922
1536.4074707	10820.8173828
1536.67297363	10769.0644531
1536.93847656	10712.6552734
1537.20410156	10695.4443359
1537.46960449	10780.6337891
1537.73510742	10718.4150391
1538.00061035	10837.7421875
1538.26623535	10811.5673828
1538.53173828	10897.6689453
1538.79724121	10884.4277344
1539.06274414	10980.6835938
1539.32824707	10779.6318359
1539.59387207	11049.9873047
1539.859375	10959.0322266
1540.12487793	11009.5869141
1540.39038086	10822.0849609
1540.65600586	11103.1904297
1540.92150879	10825.2402344
1541.18701172	11057.5527344
1541.45251465	11270.7958984
1541.71813965	10996.4423828
1541.98364258	11055.578125
1542.24914551	11074.6132813
1542.51464844	11037.5390625
1542.78015137	11000.0068359
1543.04577637	11242.1572266
1543.3112793	11154.6748047
1543.57678223	10970.9384766
1543.84228516	11201.7597656
1544.10791016	11217.0693359
1544.37341309	11114.7910156
1544.63891602	11025.6044922
1544.90441895	11153.4775391
1545.17004395	11194.6054688
1545.43554688	11276.6708984
1545.7010498	11220.6191406
1545.96655273	11136.546875
1546.23205566	11196.7998047
1546.49768066	11248.2402344
1546.76318359	11248.0097656
1547.02868652	11256.4521484
1547.29418945	11203.7177734
1547.55981445	11280.7939453
1547.82531738	11236.1748047
1548.09082031	11307.8886719
1548.35632324	11330.5263672
1548.62194824	11326.7509766
1548.88745117	11317.6328125
1549.1529541	11394.0732422
1549.41845703	11441.0166016
1549.68408203	11457.0761719
1549.94958496	11337.1904297
1550.21508789	11460.0371094
1550.48059082	11526.9990234
1550.74609375	11574.953125
1551.01171875	11587.609375
1551.27722168	11530.8007813
1551.54272461	11607.8925781
1551.80822754	11678.4912109
1552.07385254	11752.6650391
1552.33935547	11721.4003906
1552.6048584	11784.6806641
1552.87036133	11900.4873047
1553.13598633	11879.9042969
1553.40148926	11985.6367188
1553.66699219	12021.2646484
1553.93249512	12038.0449219
1554.19799805	11886.1982422
1554.46362305	11906.7861328
1554.72912598	12057.2324219
1554.99462891	12017.3867188
1555.26013184	11984.2148438
1555.52575684	11979.8925781
1555.79125977	12170.5068359
1556.0567627	12162.7578125
1556.32226563	12091.7177734
1556.58789063	12164.5449219
1556.85339355	12202.5097656
1557.11889648	12376.1083984
1557.38439941	12291.6220703
1557.65002441	12230.3984375
1557.91552734	12217.5878906
1558.18103027	12215.9580078
1558.4465332	12392.5087891
1558.71203613	12471.3242188
1558.97766113	12418.4179688
1559.24316406	12616.3623047
1559.50866699	12676.4794922
1559.77416992	12545.6601563
1560.03979492	12618.7275391
1560.30529785	12745.4091797
1560.57080078	12573.0810547
1560.83630371	12519.7832031
1561.10192871	12783.0751953
1561.36743164	12704.2089844
1561.63293457	12933.7001953
1561.8984375	12802.2207031
1562.16394043	13052.0146484
1562.42956543	12979.9804688
1562.69506836	13127.3974609
1562.96057129	13137.6289063
1563.22607422	13192.2783203
1563.49169922	13259.921875
1563.75720215	13440.3232422
1564.02270508	13361.7578125
1564.28820801	13402.6230469
1564.55383301	13625.7304688
1564.81933594	13765.6914063
1565.08483887	13731.9453125
1565.3503418	13800.0087891
1565.6159668	13888.2705078
1565.88146973	14048.2080078
1566.14697266	14205.5351563
1566.41247559	14502.2490234
1566.67797852	14520.2128906
1566.94360352	14875.4355469
1567.20910645	15033.4453125
1567.47460938	15081.1376953
1567.7401123	15261.6513672
1568.0057373	15508.6865234
1568.27124023	15673.4599609
1568.53674316	15932.5498047
1568.80224609	16122.2255859
1569.06787109	16243.0693359
1569.33337402	16376.0791016
1569.59887695	16674.2402344
1569.86437988	16912.9921875
1570.12988281	17097.9199219
1570.39550781	17153.8183594
1570.66101074	17494.5878906
1570.92651367	17698.7304688
1571.1920166	17943.2578125
1571.4576416	18016.5117188
1571.72314453	18118.40625
1571.98864746	18354.9902344
1572.25415039	18544.1992188
1572.51977539	18793.9023438
1572.78527832	18781.9609375
1573.05078125	18786.0175781
1573.31628418	18778.4394531
1573.58178711	18713.7480469
1573.84741211	18975.8515625
1574.11291504	19120.5410156
1574.37841797	19064.1445313
1574.6439209	18924.2011719
1574.9095459	18927.0996094
1575.17504883	19023.4726563
1575.44055176	19054.5976563
1575.70605469	18725.7871094
1575.97167969	18614.34375
1576.23718262	18485.4121094
1576.50268555	18377.4628906
1576.76818848	18511.9589844
1577.03381348	18422.7226563
1577.29931641	18217.2363281
1577.56481934	18075.0253906
1577.83032227	17804.25
1578.0958252	18031.2207031
1578.3614502	18114.6894531
1578.62695313	18200.234375
1578.89245605	17957.1230469
1579.15795898	18028.1191406
1579.42358398	17825.7929688
1579.68908691	17888.71875
1579.95458984	17680.9511719
1580.22009277	17945.1191406
1580.48571777	17674.5683594
1580.7512207	17649.0898438
1581.01672363	17822.328125
1581.28222656	17809.9121094
1581.54772949	17761.9414063
1581.81335449	17718.8769531
1582.07885742	17730.7734375
1582.34436035	17753.6484375
1582.60986328	17813.7519531
1582.87548828	17983.3691406
1583.14099121	18009.1367188
1583.40649414	17773.6269531
1583.67199707	17821.6523438
1583.93762207	17806.9882813
1584.203125	17756.3476563
1584.46862793	17858.9023438
1584.73413086	17674.9980469
1584.99975586	17593.7871094
1585.26525879	17659.1992188
1585.53076172	17714.3945313
1585.79626465	17582.7890625
1586.06176758	17557.8847656
1586.32739258	17420.8164063
1586.59289551	17337.7441406
1586.85839844	17351.03125
1587.12390137	17252.4023438
1587.38952637	17061.140625
1587.6550293	16916.2207031
1587.92053223	16872.0683594
1588.18603516	16693.265625
1588.45166016	16660.1464844
1588.71716309	16652.2460938
1588.98266602	16459.5253906
1589.24816895	16266.7236328
1589.51367188	16098.7119141
1589.77929688	16031.8935547
1590.0447998	16004.1630859
1590.31030273	15849.7490234
1590.57580566	16006.0498047
1590.84143066	15817.4443359
1591.10693359	15481.0888672
1591.37243652	15391.8935547
1591.63793945	15212.5732422
1591.90356445	15223.0419922
1592.16906738	14996.2822266
1592.43457031	14841.2539063
1592.70007324	14803.0761719
1592.96557617	14500.5878906
1593.23120117	14317.4423828
1593.4967041	14260.1015625
1593.76220703	14256.4580078
1594.02770996	14214.6523438
1594.29333496	14064.5410156
1594.55883789	14000.7539063
1594.82434082	13859.6582031
1595.08984375	13745.3417969
1595.35546875	13605.6445313
1595.62097168	13537.8212891
1595.88647461	13454.3554688
1596.15197754	13458.4326172
1596.41760254	13361.4160156
1596.68310547	13217.4755859
1596.9486084	13032.9931641
1597.21411133	13105.0605469
1597.47961426	12911.4179688
1597.74523926	12633.4833984
1598.01074219	12816.9521484
1598.27624512	12640.0654297
1598.54174805	12533.109375
1598.80737305	12551.7382813
1599.07287598	12429.0322266
1599.33837891	12160.1611328
1599.60388184	12113.3222656
1599.86950684	12109.2792969
1600.13500977	12129.2226563
1600.4005127	11970.3447266
1600.66601563	11989.1572266
1600.93151855	11951.1845703
1601.19714355	11790.6396484
1601.46264648	11652.1044922
1601.72814941	11555.203125
1601.99365234	11577.7119141
1602.25927734	11566.8701172
1602.52478027	11489.6855469
1602.7902832	11226.546875
1603.05578613	11301.9492188
1603.32141113	11097.6591797
1603.58691406	11257.8769531
1603.85241699	11094.1621094
1604.11791992	11037.2451172
1604.38354492	11043.1542969
1604.64904785	10825.0625
1604.91455078	10801.4541016
1605.18005371	11009.3779297
1605.44555664	10998.4365234
1605.71118164	10708.9570313
1605.97668457	10683.8535156
1606.2421875	10711.2373047
1606.50769043	10448.3105469
1606.77331543	10557.71875
1607.03881836	10605.2939453
1607.30432129	10572.6943359
1607.56982422	10419.1669922
1607.83544922	10433.1337891
1608.10095215	10492.1669922
1608.36645508	10439.2333984
1608.63195801	10315.5419922
1608.89746094	10440.1484375
1609.16308594	10360.8603516
1609.42858887	10208.4892578
1609.6940918	10217.4169922
1609.95959473	10262.0664063
1610.22521973	10202.2421875
1610.49072266	10043.3632813
1610.75622559	10159.7021484
1611.02172852	10186.03125
1611.28735352	10167.6367188
1611.55285645	10202.9277344
1611.81835938	10132.1865234
1612.0838623	10032.0517578
1612.3494873	10046.4570313
1612.61499023	10090.7119141
1612.88049316	9950.48046875
1613.14599609	9892.02050781
1613.41149902	9793.30761719
1613.67712402	9851.41503906
1613.94262695	9857.45800781
1614.20812988	9853.02832031
1614.47363281	9717.48828125
1614.73925781	9757.39257813
1615.00476074	9863.24414063
1615.27026367	9710.65429688
1615.5357666	9534.08496094
1615.8013916	9874.15429688
1616.06689453	9437.60449219
1616.33239746	9604.90136719
1616.59790039	9469.90527344
1616.86340332	9466.16699219
1617.12902832	9501.06445313
1617.39453125	9240.87402344
1617.66003418	9503.29296875
1617.92553711	9398.12207031
1618.19116211	9119.01660156
1618.45666504	9301.21386719
1618.72216797	9346.89746094
1618.9876709	9106.38574219
1619.2532959	9241.62402344
1619.51879883	9129.59667969
1619.78430176	9063.29589844
1620.04980469	8911.18359375
1620.31530762	9053.33300781
1620.58093262	8985.89941406
1620.84643555	8997.07714844
1621.11193848	8808.70703125
1621.37744141	8886.38769531
1621.64306641	8921.08496094
1621.90856934	8813.37402344
1622.17407227	8773.765625
1622.4395752	8735.61621094
1622.7052002	8716.48730469
1622.97070313	8710.91015625
1623.23620605	8616.53515625
1623.50170898	8721.11523438
1623.76733398	8633.45019531
1624.03283691	8591.73828125
1624.29833984	8585.91699219
1624.56384277	8653.96484375
1624.8293457	8487.61816406
1625.0949707	8599.32617188
1625.36047363	8501.08496094
1625.62597656	8473.23242188
1625.89147949	8398.50390625
1626.15710449	8478.35449219
1626.42260742	8380.80859375
1626.68811035	8382.55859375
1626.95361328	8215.64550781
1627.21923828	8353.98535156
1627.48474121	8215.28027344
1627.75024414	8256.01074219
1628.01574707	8327.88769531
1628.28125	8188.82128906
1628.546875	8215.31152344
1628.81237793	8233.01171875
1629.07788086	8100.72753906
1629.34338379	7884.25292969
1629.60900879	7950.43945313
1629.87451172	8018.21289063
1630.14001465	7955.57617188
1630.40551758	8094.86914063
1630.67114258	8133.50585938
1630.93664551	7980.66308594
1631.20214844	7922.95410156
1631.46765137	7946.23828125
1631.73327637	7877.2734375
1631.9987793	7838.45019531
1632.26428223	7880.71386719
1632.52978516	7776.43945313
1632.79528809	7684.54296875
1633.06091309	7739.41308594
1633.32641602	7689.69042969
1633.59191895	7703.86132813
1633.85742188	7591.81054688
1634.12304688	7554.46582031
1634.3885498	7617.67773438
1634.65405273	7747.78125
1634.91955566	7591.68652344
1635.18518066	7520.10351563
1635.45068359	7501.57714844
1635.71618652	7304.48242188
1635.98168945	7568.41796875
1636.24719238	7477.92480469
1636.51281738	7593.70117188
1636.77832031	7512.95410156
1637.04382324	7380.46875
1637.30932617	7434.75878906
1637.57495117	7443.3046875
1637.8404541	7404.93066406
1638.10595703	7367.93261719
1638.37145996	7437.42089844
1638.63708496	7309.71289063
1638.90258789	7315.26855469
1639.16809082	7293.125
1639.43359375	7228.08691406
1639.69909668	7224.49804688
1639.96472168	7286.80078125
1640.23022461	7308.86328125
1640.49572754	7217.13378906
1640.76123047	7127.91992188
1641.02685547	7126.94824219
1641.2923584	7129.77246094
1641.55786133	7081.92089844
1641.82336426	7065.02539063
1642.08898926	6999.78515625
1642.35449219	7063.49511719
1642.61999512	7044.25097656
1642.88549805	6999.09472656
1643.15112305	6991.33496094
1643.41662598	7081.33789063
1643.68212891	6988.94628906
1643.94763184	7004.11425781
1644.21313477	6904.16308594
1644.47875977	6723.6484375
1644.7442627	6939.9921875
1645.00976563	6929.47167969
1645.27526855	6916.71972656
1645.54089355	6917.125
1645.80639648	6830.8828125
1646.07189941	6725.39941406
1646.33740234	6789.02539063
1646.60302734	6774.53515625
1646.86853027	6841.30761719
1647.1340332	6797.43066406
1647.39953613	6839.18652344
1647.66503906	6730.50097656
1647.93066406	6715.25878906
1648.19616699	6771.53515625
1648.46166992	6731.51464844
1648.72717285	6689.93847656
1648.99279785	6717.71191406
1649.25830078	6623.84082031
1649.52380371	6567.41894531
1649.78930664	6594.49511719
1650.05493164	6591.96386719
1650.32043457	6625.69921875
1650.5859375	6555.48144531
1650.85144043	6539.72070313
1651.11706543	6591.08886719
1651.38256836	6610.90625
1651.64807129	6552.75097656
1651.91357422	6461.4140625
1652.17907715	6472.70117188
1652.44470215	6502.46191406
1652.71020508	6542.89648438
1652.97570801	6395.00878906
1653.24121094	6471.73242188
1653.50683594	6415.40917969
1653.77233887	6308.16308594
1654.0378418	6480.23828125
1654.30334473	6432.8828125
1654.56896973	6274.89160156
1654.83447266	6266.51855469
1655.09997559	6432.43066406
1655.36547852	6294.95996094
1655.63098145	6292.328125
1655.89660645	6251.76660156
1656.16210938	6311.67675781
1656.4276123	6324.80078125
1656.69311523	6236.765625
1656.95874023	6232.25292969
1657.22424316	6296.56835938
1657.48974609	6317.55371094
1657.75524902	6207.16894531
1658.02087402	6209.97753906
1658.28637695	6110.25195313
1658.55187988	6105.37304688
1658.81738281	6218.13867188
1659.08300781	6254.53222656
1659.34851074	6087.10839844
1659.61401367	6063.08203125
1659.8795166	6183.54980469
1660.14501953	6077.10742188
1660.41064453	6002.54785156
1660.67614746	6020.10742188
1660.94165039	6007.96289063
1661.20715332	5866.1875
1661.47277832	5930.71972656
1661.73828125	6011.80859375
1662.00378418	5937.33789063
1662.26928711	5957.23242188
1662.53491211	5939.37402344
1662.80041504	6082.80761719
1663.06591797	5940.31738281
1663.3314209	5902.09667969
1663.59692383	5929.53027344
1663.86254883	5990.30957031
1664.12805176	5933.80859375
1664.39355469	5831.68261719
1664.65905762	5744.53125
1664.92468262	5837.11425781
1665.19018555	5910.27929688
1665.45568848	5908.25390625
1665.72119141	5847.84179688
1665.98681641	5876.95703125
1666.25231934	5928.02441406
1666.51782227	5859.92871094
1666.7833252	5835.88476563
1667.04882813	5855.88476563
1667.31445313	5816.08105469
1667.57995605	5806.94628906
1667.84545898	5861.87207031
1668.11096191	5892.29199219
1668.37658691	5837.15917969
1668.64208984	5891.11914063
1668.90759277	5858.03613281
1669.1730957	5823.13671875
1669.4387207	5876.09960938
1669.70422363	5965.04199219
1669.96972656	5821.06054688
1670.23522949	5826.08203125
1670.50085449	5681.29101563
1670.76635742	5905.92285156
1671.03186035	5759.62402344
1671.29736328	5644.48828125
1671.56286621	5870.48144531
1671.82849121	5714.45898438
1672.09399414	5669.17480469
1672.35949707	5714.5078125
1672.625	5724.97167969
1672.890625	5811.07910156
1673.15612793	5756.64941406
1673.42163086	5704.61523438
1673.68713379	5575.74316406
1673.95275879	5544.91113281
1674.21826172	5555.70410156
1674.48376465	5516.55664063
1674.74926758	5562.99609375
1675.01477051	5661.61425781
1675.28039551	5620.00683594
1675.54589844	5620.15234375
1675.81140137	5690.09960938
1676.0769043	5507.33105469
1676.3425293	5472.76757813
1676.60803223	5485.82910156
1676.87353516	5540.140625
1677.13903809	5582.11230469
1677.40466309	5644.53515625
1677.67016602	5698.91015625
1677.93566895	5472.6875
1678.20117188	5533.703125
1678.46679688	5746.47460938
1678.7322998	5664.86523438
1678.99780273	5506.4140625
1679.26330566	5442.02734375
1679.52880859	5534.64941406
1679.79443359	5510.8203125
1680.05993652	5629.61132813
1680.32543945	5659.73535156
1680.59094238	5623.86816406
1680.85656738	5494.62109375
1681.12207031	5511.64746094
1681.38757324	5525.98144531
1681.65307617	5477.97949219
1681.91870117	5403.97460938
1682.1842041	5361.47265625
1682.44970703	5498.90527344
1682.71520996	5503.72363281
1682.98071289	5571.02246094
1683.24633789	5393.18066406
1683.51184082	5503.34570313
1683.77734375	5465.46484375
1684.04284668	5475.86230469
1684.30847168	5481.00878906
1684.57397461	5380.4296875
1684.83947754	5465.97949219
1685.10498047	5398.82617188
1685.37060547	5500.21582031
1685.6361084	5256.03515625
1685.90161133	5443.98242188
1686.16711426	5320.04589844
1686.43261719	5379.76464844
1686.69824219	5589.34570313
1686.96374512	5336.203125
1687.22924805	5361.86132813
1687.49475098	5454.10449219
1687.76037598	5351.24902344
1688.02587891	5430.3046875
1688.29138184	5378.93945313
1688.55688477	5342.02246094
1688.82250977	5352.1796875
1689.0880127	5331.68066406
1689.35351563	5243.90820313
1689.61901855	5261.50292969
1689.88464355	5180.88671875
1690.15014648	5234.80859375
1690.41564941	5170.96289063
1690.68115234	5317.89746094
1690.94665527	5173.37011719
1691.21228027	5320.76660156
1691.4777832	5264.1328125
1691.74328613	5312.09375
1692.00878906	5162.20019531
1692.27441406	5271.22167969
1692.53991699	5352.2421875
1692.80541992	5346.59765625
1693.07092285	5407.71972656
1693.33654785	5287.6171875
1693.60205078	5267.02246094
1693.86755371	5245.97949219
1694.13305664	5227.13476563
1694.39855957	5274.74414063
1694.66418457	5259.82910156
1694.9296875	5250.13574219
1695.19519043	5178.41796875
1695.46069336	5171.10351563
1695.72631836	5212.80664063
1695.99182129	5231.15039063
1696.25732422	5170.97558594
1696.52282715	5162.15820313
1696.78845215	5302.55664063
1697.05395508	5214.609375
1697.31945801	5309.14941406
1697.58496094	5128.79394531
1697.85058594	5174.87402344
1698.11608887	5112.91113281
1698.3815918	5332.83300781
1698.64709473	5148.54394531
1698.91259766	5156.91992188
1699.17822266	5169.51074219
1699.44372559	5264.484375
1699.70922852	5184.69628906
1699.97473145	5189.58691406
1700.24035645	5277.63867188
1700.50585938	5280.33984375
1700.7713623	5124.875
1701.03686523	5058.24121094
1701.30249023	5057.15039063
1701.56799316	5058.68652344
1701.83349609	5113.15625
1702.09899902	5059.12207031
1702.36450195	5114.33105469
1702.63012695	5077.7421875
1702.89562988	4991.59765625
1703.16113281	5095.01660156
1703.42663574	5129.59472656
1703.69226074	5024.62988281
1703.95776367	5242.46191406
1704.2232666	5205.77539063
1704.48876953	5203.8671875
1704.75439453	5136.78710938
1705.01989746	5112.90429688
1705.28540039	5052.27832031
1705.55090332	5126.73828125
1705.81652832	5022.07910156
1706.08203125	5109.30957031
1706.34753418	5141.0234375
1706.61303711	5169.60253906
1706.87854004	5135.77636719
1707.14416504	5004.93652344
1707.40966797	5000.41894531
1707.6751709	5054.32714844
1707.94067383	5075.53320313
1708.20629883	5182.43554688
1708.47180176	5189.43261719
1708.73730469	5106.47363281
1709.00280762	5103.4765625
1709.26843262	5037.18457031
1709.53393555	5100.5234375
1709.79943848	5065.29980469
1710.06494141	5043.97265625
1710.33044434	4984.14941406
1710.59606934	5167.10449219
1710.86157227	4994.15722656
1711.1270752	5066.84179688
1711.39257813	5029.41113281
1711.65820313	4820.05175781
1711.92370605	4934.59570313
1712.18920898	5061.53808594
1712.45471191	4986.47167969
1712.72033691	4905.61621094
1712.98583984	4903.64257813
1713.25134277	4997.81542969
1713.5168457	4931.20410156
1713.78234863	4895.08398438
1714.04797363	4868.84179688
1714.31347656	4945.79980469
1714.57897949	5009.57226563
1714.84448242	5017.04003906
1715.11010742	4978.04199219
1715.37561035	4881.25195313
1715.64111328	4970.57226563
1715.90661621	4825.81054688
1716.17224121	4843.0859375
1716.43774414	4833.96289063
1716.70324707	4752.45996094
1716.96875	4883.68554688
1717.234375	4980.61035156
1717.49987793	4897.62109375
1717.76538086	4915.52832031
1718.03088379	4875.02050781
1718.29638672	4878.47167969
1718.56201172	4912.12890625
1718.82751465	4932.59179688
1719.09301758	4866.41210938
1719.35852051	4882.8203125
1719.62414551	4870.91796875
1719.88964844	4889.9765625
1720.15515137	4920.27539063
1720.4206543	4929.47949219
1720.6862793	4934.546875
1720.95178223	4911.10839844
1721.21728516	4846.25
1721.48278809	4916.74023438
1721.74829102	4937.9140625
1722.01391602	4804.77148438
1722.27941895	4892.49707031
1722.54492188	4908.33398438
1722.8104248	4997.515625
1723.0760498	4939.796875
1723.34155273	4844.56445313
1723.60705566	4700.73730469
1723.87255859	4787.6328125
1724.13818359	4844.11621094
1724.40368652	4896.15429688
1724.66918945	4890.54199219
1724.93469238	4852.20410156
1725.20031738	4891.02929688
1725.46582031	4861.73828125
1725.73132324	4792.96386719
1725.99682617	4809.14746094
1726.2623291	4798.75878906
1726.5279541	4748.46191406
1726.79345703	4764.86621094
1727.05895996	4775.24121094
1727.32446289	4735.76367188
1727.59008789	4753.25976563
1727.85559082	4780.39257813
1728.12109375	4666.12109375
1728.38659668	4608.56640625
1728.65222168	4761.23535156
1728.91772461	4687.02734375
1729.18322754	4777.54296875
1729.44873047	4734.578125
1729.7142334	4710.515625
1729.9798584	4755.89648438
1730.24536133	4704.45214844
1730.51086426	4700.96875
1730.77636719	4652.72753906
1731.04199219	4608.75195313
1731.30749512	4663.18554688
1731.57299805	4681.73046875
1731.83850098	4669.67578125
1732.10412598	4794.68261719
1732.36962891	4844.69628906
1732.63513184	4693.66601563
1732.90063477	4718.46875
1733.1661377	4651.68554688
1733.4317627	4707.52636719
1733.69726563	4717.45214844
1733.96276855	4779.43457031
1734.22827148	4638.94433594
1734.49389648	4570.66894531
1734.75939941	4829.32324219
1735.02490234	4727.26953125
1735.29040527	4676.83203125
1735.55603027	4720.48242188
1735.8215332	4620.10253906
1736.08703613	4693.13964844
1736.35253906	4723.41992188
1736.61816406	4645.45410156
1736.88366699	4561.50488281
1737.14916992	4607.30175781
1737.41467285	4687.65820313
1737.68017578	4701.8046875
1737.94580078	4664.40722656
1738.21130371	4518.85742188
1738.47680664	4623.29296875
1738.74230957	4565.56933594
1739.00793457	4550.82519531
1739.2734375	4603.68457031
1739.53894043	4642.73535156
1739.80444336	4557.71679688
1740.07006836	4497.8203125
1740.33557129	4654.2734375
1740.60107422	4632.06445313
1740.86657715	4686.8671875
1741.13208008	4590.91601563
1741.39770508	4597.53125
1741.66320801	4611.8359375
1741.92871094	4572.52734375
1742.19421387	4609.31347656
1742.45983887	4655.1796875
1742.7253418	4645.99023438
1742.99084473	4559.66992188
1743.25634766	4560.09765625
1743.52197266	4626.3125
1743.78747559	4655.24804688
1744.05297852	4613.86035156
1744.31848145	4775.51953125
1744.58410645	4657.12109375
1744.84960938	4612.10351563
1745.1151123	4568.35839844
1745.38061523	4533.77148438
1745.64611816	4460.38085938
1745.91174316	4476.26855469
1746.17724609	4572.63378906
1746.44274902	4554.70703125
1746.70825195	4523.68359375
1746.97387695	4555.375
1747.23937988	4567.68847656
1747.50488281	4543.65820313
1747.77038574	4528.52148438
1748.03601074	4606.48828125
1748.30151367	4673.13085938
1748.5670166	4665.31445313
1748.83251953	4555.734375
1749.09802246	4531.85839844
1749.36364746	4597.63769531
1749.62915039	4472.58007813
1749.89465332	4652.84375
1750.16015625	4567.91015625
1750.42578125	4606.29882813
1750.69128418	4605.96582031
1750.95678711	4598.66992188
1751.22229004	4586.91210938
1751.48791504	4528.37695313
1751.75341797	4478.29199219
1752.0189209	4605.35839844
1752.28442383	4624.24707031
1752.55004883	4595.74414063
1752.81555176	4621.19042969
1753.08105469	4592.57617188
1753.34655762	4644.17675781
1753.61206055	4599.18554688
1753.87768555	4545.81835938
1754.14318848	4605.03808594
1754.40869141	4637.69726563
1754.67419434	4528.72753906
1754.93981934	4589.46972656
1755.20532227	4547.78125
1755.4708252	4569.16113281
1755.73632813	4587.87207031
1756.00195313	4477.90722656
1756.26745605	4464.20800781
1756.53295898	4609.84765625
1756.79846191	4610.11621094
1757.06396484	4421.36425781
1757.32958984	4524.77636719
1757.59509277	4478.21191406
1757.8605957	4486.56933594
1758.12609863	4530.55859375
1758.39172363	4546.18359375
1758.65722656	4591.39257813
1758.92272949	4561.24609375
1759.18823242	4484.6015625
1759.45385742	4623.08496094
1759.71936035	4580.81933594
1759.98486328	4399.86523438
1760.25036621	4420.48828125
1760.51586914	4428.04296875
1760.78149414	4549.82128906
1761.04699707	4463.94238281
1761.3125	4610.26757813
1761.57800293	4436.86132813
1761.84362793	4493.40429688
1762.10913086	4492.46679688
1762.37463379	4497.328125
1762.64013672	4610.23730469
1762.90576172	4556.65820313
1763.17126465	4459.76757813
1763.43676758	4515.796875
1763.70227051	4458.69726563
1763.96789551	4522.06640625
1764.23339844	4637.42285156
1764.49890137	4558.87402344
1764.7644043	4525.07617188
1765.02990723	4434.15722656
1765.29553223	4306.83789063
1765.56103516	4436.1328125
1765.82653809	4483.44335938
1766.09204102	4458.84179688
1766.35766602	4431.43066406
1766.62316895	4521.31347656
1766.88867188	4497.41894531
1767.1541748	4493.25097656
1767.4197998	4464.74121094
1767.68530273	4513.69140625
1767.95080566	4510.84667969
1768.21630859	4418.41894531
1768.48181152	4474.81835938
1768.74743652	4540.21191406
1769.01293945	4534.43554688
1769.27844238	4473.87890625
1769.54394531	4436.59570313
1769.80957031	4496.16210938
1770.07507324	4435.13671875
1770.34057617	4459.14160156
1770.6060791	4413.65527344
1770.8717041	4500.16308594
1771.13720703	4503.35546875
1771.40270996	4375.58300781
1771.66821289	4459.21679688
1771.93383789	4486.5546875
1772.19934082	4522.26171875
1772.46484375	4522.87207031
1772.73034668	4490.80664063
1772.99584961	4485.27050781
1773.26147461	4390.08300781
1773.52697754	4469.89257813
1773.79248047	4396.40429688
1774.0579834	4444.5078125
1774.3236084	4471.20703125
1774.58911133	4525.41113281
1774.85461426	4536.99023438
1775.12011719	4557.50097656
1775.38574219	4574.8046875
1775.65124512	4478.51074219
1775.91674805	4417.81640625
1776.18225098	4480.29394531
1776.44775391	4628.25390625
1776.71337891	4502.41894531
1776.97888184	4499.23925781
1777.24438477	4419.69140625
1777.5098877	4452.50878906
1777.7755127	4519.90039063
1778.04101563	4501.48730469
1778.30651855	4460.77246094
1778.57202148	4535.48046875
1778.83764648	4555.74707031
1779.10314941	4526.38671875
1779.36865234	4466.28417969
1779.63415527	4327.19921875
1779.8996582	4413.84765625
1780.1652832	4355.90429688
1780.43078613	4517.97070313
1780.69628906	4447.75292969
1780.96179199	4336.76464844
1781.22741699	4394.11914063
1781.49291992	4384.15722656
1781.75842285	4414.14355469
1782.02392578	4438.60351563
1782.28955078	4442.15625
1782.55505371	4508.68164063
1782.82055664	4424.68554688
1783.08605957	4337.78027344
1783.35168457	4376.85644531
1783.6171875	4497.97070313
1783.88269043	4290.48632813
1784.14819336	4262.66308594
1784.41369629	4387.58007813
1784.67932129	4256.95605469
1784.94482422	4342.90039063
1785.21032715	4409.38378906
1785.47583008	4290.12011719
1785.74145508	4314.58007813
1786.00695801	4246.06542969
1786.27246094	4326.87988281
1786.53796387	4306.30175781
1786.80358887	4329.93847656
1787.0690918	4378.49609375
1787.33459473	4417.04589844
1787.60009766	4342.02441406
1787.86560059	4313.23144531
1788.13122559	4324.54882813
1788.39672852	4378.43261719
1788.66223145	4323.4296875
1788.92773438	4404.2890625
1789.19335938	4485.2421875
1789.4588623	4211.54492188
1789.72436523	4329.76953125
1789.98986816	4310.24804688
1790.25549316	4424.38476563
1790.52099609	4359.30175781
1790.78649902	4335.05761719
1791.05200195	4318.69238281
1791.31762695	4248.01464844
1791.58312988	4320.07226563
1791.84863281	4318.90039063
1792.11413574	4347.79101563
1792.37963867	4200.9609375
1792.64526367	4370.75976563
1792.9107666	4322.10253906
1793.17626953	4352.18066406
1793.44177246	4334.890625
1793.70739746	4266.921875
1793.97290039	4313.75195313
1794.23840332	4304.32617188
1794.50390625	4338.26269531
1794.76953125	4341.76953125
1795.03503418	4238.51171875
1795.30053711	4271.92675781
1795.56604004	4361.34570313
1795.83154297	4344.1015625
1796.09716797	4238.54101563
1796.3626709	4263.37011719
1796.62817383	4265.91503906
1796.89367676	4250.92382813
1797.15930176	4201.35253906
1797.42480469	4364.56640625
1797.69030762	4259.04589844
1797.95581055	4344.77441406
1798.22143555	4337.16601563
1798.48693848	4212.52636719
1798.75244141	4277.88671875
1799.01794434	4263.9140625
1799.28356934	4237.2578125
1799.54907227	4270.75
1799.8145752	4333.59277344
1800.08007813	4298.38769531
1800.34558105	4243.5546875
1800.61120605	4300.61230469
1800.87670898	4317.31835938
1801.14221191	4237.36328125
1801.40771484	4277.74414063
1801.67333984	4190.22949219
1801.93884277	4312.89355469
1802.2043457	4283.04785156
1802.46984863	4438.57324219
1802.73547363	4233.90136719
1803.00097656	4252.78808594
1803.26647949	4242.84472656
1803.53198242	4282.68847656
1803.79748535	4284.45996094
1804.06311035	4334.24902344
1804.32861328	4253.0234375
1804.59411621	4214.015625
1804.85961914	4254.13476563
1805.12524414	4248.45703125
1805.39074707	4246.9609375
1805.65625	4194.5703125
1805.92175293	4212.3125
1806.18737793	4400.29882813
1806.45288086	4172.54003906
1806.71838379	4271.24609375
1806.98388672	4258.41601563
1807.24938965	4122.12792969
1807.51501465	4130.28515625
1807.78051758	4244.53417969
1808.04602051	4224.73828125
1808.31152344	4177.33398438
1808.57714844	4257.67675781
1808.84265137	4281.10449219
1809.1081543	4257.34960938
1809.37365723	4199.24804688
1809.63928223	4228.71289063
1809.90478516	4158.76171875
1810.17028809	4208.09667969
1810.43579102	4154.56445313
1810.70141602	4285.2734375
1810.96691895	4100.21679688
1811.23242188	4093.63110352
1811.4979248	4329.46582031
1811.76342773	4250.24121094
1812.02905273	4295.16992188
1812.29455566	4125.19042969
1812.56005859	4154.18261719
1812.82556152	4103.70703125
1813.09118652	4143.80957031
1813.35668945	4104.01269531
1813.62219238	4143.37402344
1813.88769531	4161.9296875
1814.15332031	4224.3828125
1814.41882324	4040.61401367
1814.68432617	4128.671875
1814.9498291	4085.44946289
1815.21533203	4215.96777344
1815.48095703	4088.5769043
1815.74645996	4172.10351563
1816.01196289	4126.73242188
1816.27746582	4211.12792969
1816.54309082	4148.15820313
1816.80859375	4175.32226563
1817.07409668	4236.953125
1817.33959961	4199.25976563
1817.60522461	4133.16699219
1817.87072754	4225.51660156
1818.13623047	4108.32519531
1818.4017334	4177.77441406
1818.6673584	4185.26269531
1818.93286133	4221.3359375
1819.19836426	4125.22949219
1819.46386719	4203.06152344
1819.72937012	4186.26074219
1819.99499512	4195.51171875
1820.26049805	4146.02832031
1820.52600098	4235.91308594
1820.79150391	4186.77636719
1821.05712891	4140.9140625
1821.32263184	4161.33398438
1821.58813477	4103.45214844
1821.8536377	4103.97851563
1822.1192627	4087.84155273
1822.38476563	4165.95703125
1822.65026855	4229.89355469
1822.91577148	4051.14526367
1823.18127441	4269.89257813
1823.44689941	4088.22729492
1823.71240234	4168.00292969
1823.97790527	4149.71191406
1824.2434082	4108.76757813
1824.5090332	4133.41503906
1824.77453613	4070.0637207
1825.04003906	4093.95141602
1825.30554199	4139.42871094
1825.57116699	4158.86914063
1825.83666992	4176.98632813
1826.10217285	4097.3984375
1826.36767578	4039.90698242
1826.63317871	4074.38452148
1826.89880371	4140.05566406
1827.16430664	3989.89770508
1827.42980957	4146.51269531
1827.6953125	4205.27539063
1827.9609375	4224.5078125
1828.22644043	4114.42773438
1828.49194336	4144.92675781
1828.75744629	4178.79882813
1829.02307129	4133.61914063
1829.28857422	4110.14746094
1829.55407715	4086.02856445
1829.81958008	4050.06030273
1830.08520508	4191.18554688
1830.35070801	4137.703125
1830.61621094	4202.65820313
1830.88171387	4184.90917969
1831.1472168	4143.49511719
1831.4128418	4224.42675781
1831.67834473	4116.1953125
1831.94384766	4164.42871094
1832.20935059	4145.75097656
1832.47497559	4158.28125
1832.74047852	4169.1015625
1833.00598145	4183.7109375
1833.27148438	4135.81152344
1833.53710938	4115.13574219
1833.8026123	4142.90136719
1834.06811523	4102.5234375
1834.33361816	4095.93139648
1834.59912109	4173.27148438
1834.86474609	4211.14648438
1835.13024902	4038.38793945
1835.39575195	4057.38696289
1835.66125488	4067.98706055
1835.92687988	4092.57885742
1836.19238281	4125.41992188
1836.45788574	4109.89550781
1836.72338867	4095.16723633
1836.98901367	4013.98364258
1837.2545166	4123.50488281
1837.52001953	4083.57543945
1837.78552246	4023.51049805
1838.05114746	4042.66870117
1838.31665039	4038.10180664
1838.58215332	4084.29516602
1838.84765625	4017.98022461
1839.11315918	4091.34204102
1839.37878418	4058.89624023
1839.64428711	4105.60742188
1839.90979004	4028.81274414
1840.17529297	4037.30053711
1840.44091797	4025.51733398
1840.7064209	4080.24926758
1840.97192383	4083.40209961
1841.23742676	4022.0222168
1841.50305176	4156.33789063
1841.76855469	4037.91381836
1842.03405762	4020.94311523
1842.29956055	4111.15039063
1842.56506348	4033.42602539
1842.83068848	4052.76733398
1843.09619141	4015.38500977
1843.36169434	4075.60083008
1843.62719727	4052.87426758
1843.89282227	4050.26098633
1844.1583252	4070.44848633
1844.42382813	4034.04956055
1844.68933105	4023.31665039
1844.95495605	4109.07617188
1845.22045898	4159.46484375
1845.48596191	4124.15722656
1845.75146484	4076.27416992
1846.01708984	4123.04882813
1846.28259277	4046.10717773
1846.5480957	3989.97973633
1846.81359863	3997.2097168
1847.07910156	3972.09643555
1847.34472656	3994.79174805
1847.61022949	4106.59277344
1847.87573242	4054.04907227
1848.14123535	3981.07055664
1848.40686035	3919.71704102
1848.67236328	4024.21166992
1848.93786621	4115.06933594
1849.20336914	3971.53930664
1849.46899414	4062.13012695
1849.73449707	4015.28979492
1850	4010.85327148
