950.114196777	9002.33300781
950.379699707	9054.61230469
950.645263672	9124.36328125
950.910766602	9163.6484375
951.176330566	9097.28027344
951.441833496	9074.36621094
951.707397461	9070.10644531
951.972900391	9091.64550781
952.238464355	9080.92089844
952.503967285	9044.67871094
952.76953125	9100.19921875
953.03503418	9089.69335938
953.300598145	9085.97460938
953.566101074	9146.72949219
953.831665039	9107.65527344
954.097167969	9117.72070313
954.362670898	9117.99023438
954.628234863	9054.05859375
954.893737793	9041.76074219
955.159301758	9120.37695313
955.424804688	9117.90722656
955.690368652	9081.37109375
955.955871582	9059.06054688
956.221435547	9013.08203125
956.486938477	9084.72460938
956.752502441	9111.13964844
957.018005371	9122.56445313
957.283569336	9181.34082031
957.549072266	9094.7578125
957.81463623	9017.24414063
958.08013916	9038.34277344
958.34564209	9105.09960938
958.611206055	9098.68066406
958.876708984	9060.47070313
959.142272949	8978.375
959.407775879	8978.00292969
959.673339844	9106.06835938
959.938842773	9158.6484375
960.204406738	9127.18164063
960.469909668	8992.27246094
960.735473633	8966.25390625
961.000976563	9009.03125
961.266540527	9052.12988281
961.532043457	9064.97558594
961.797607422	8991.41601563
962.063110352	9014.5
962.328613281	9055.87109375
962.594177246	9034.66210938
962.859680176	9028.74511719
963.125244141	9036.27929688
963.39074707	8987.38671875
963.656311035	8959.51074219
963.921813965	8999.69921875
964.18737793	9035.11621094
964.452880859	8871.92480469
964.718444824	9065.11425781
964.983947754	9059.14648438
965.249511719	9028.44433594
965.515014648	9040.25292969
965.780517578	9045.67578125
966.046081543	9009.47558594
966.311584473	8990.34960938
966.577148438	8978.67285156
966.842651367	9027.2109375
967.108215332	9111.32519531
967.373718262	9027.53710938
967.639282227	8995.01074219
967.904785156	9007.31933594
968.170349121	9004.0390625
968.435852051	9023.45214844
968.701416016	9017.39453125
968.966918945	9053.30957031
969.23248291	8998.39941406
969.49798584	9031.83886719
969.76348877	9026.35058594
970.029052734	8994.14550781
970.294555664	9012.19824219
970.560119629	9025.97070313
970.825622559	9007.95507813
971.091186523	9029.9453125
971.356689453	9008.52246094
971.622253418	9017.45507813
971.887756348	9043.37695313
972.153320313	9017.61132813
972.418823242	8916.77929688
972.684387207	9033.85351563
972.949890137	9043.44140625
973.215454102	8974.80273438
973.480957031	9030.01660156
973.746459961	9054.53808594
974.012023926	9012.70996094
974.277526855	9005.73535156
974.54309082	9043.53125
974.80859375	9101.38378906
975.074157715	9030.59960938
975.339660645	9044.45410156
975.605224609	9046.86035156
975.870727539	9096.51074219
976.136291504	9059.79003906
976.401794434	8953.59179688
976.667358398	8982.5625
976.932861328	8971.7734375
977.198425293	9027.21972656
977.463928223	9041.50390625
977.729431152	9054.03222656
977.994995117	9129.1015625
978.260498047	9105.09082031
978.526062012	8974.76464844
978.791564941	8994.54492188
979.057128906	9003.11816406
979.322631836	9041.39355469
979.588195801	9071.5234375
979.85369873	9092.98925781
980.119262695	9101.64355469
980.384765625	9134.91601563
980.65032959	9041.51464844
980.91583252	9024.08203125
981.181396484	9071.25488281
981.446899414	9159.20214844
981.712402344	9230.54394531
981.977966309	9170.44433594
982.243469238	9079.30957031
982.509033203	9127.41894531
982.774536133	9010.08984375
983.040100098	9046.62988281
983.305603027	9046.00878906
983.571166992	9144.13867188
983.836669922	9068.83496094
984.102233887	9069.66699219
984.367736816	9071.15722656
984.633300781	9047.06054688
984.898803711	9091.5078125
985.164367676	9088.546875
985.429870605	9100.27539063
985.695373535	9164.25
985.9609375	9130.91308594
986.22644043	9099.97363281
986.492004395	9106.25878906
986.757507324	9068.74414063
987.023071289	9086.99023438
987.288574219	8978.58203125
987.554138184	8970.90332031
987.819641113	9055.11914063
988.085205078	9052.15625
988.350708008	9017.859375
988.616271973	9054.93457031
988.881774902	9051.73339844
989.147277832	9031.88085938
989.412841797	9049.0703125
989.678344727	9068.42675781
989.943908691	9077.68066406
990.209411621	9045.47753906
990.474975586	9088.42675781
990.740478516	9237.28613281
991.00604248	9134.421875
991.27154541	9071.47460938
991.537109375	9132.00195313
991.802612305	9178.28027344
992.06817627	9088.11425781
992.333679199	9065.64746094
992.599243164	9204.75878906
992.864746094	9305.21582031
993.130249023	9303.125
993.395812988	9393.65039063
993.661315918	9558.84667969
993.926879883	9583.20605469
994.192382813	9682.41796875
994.457946777	9878.33300781
994.723449707	9948.48632813
994.989013672	10180.6650391
995.254516602	10310.1904297
995.520080566	10495.0927734
995.785583496	10645.046875
996.051147461	10771.3085938
996.316650391	10996.1494141
996.582214355	11134.4804688
996.847717285	11215.5078125
997.113220215	11332.1152344
997.37878418	11411.4550781
997.644287109	11385.7001953
997.909851074	11344.5761719
998.175354004	11377.1025391
998.440917969	11217.6494141
998.706420898	11122.1572266
998.971984863	10997.8388672
999.237487793	10986.4179688
999.503051758	10853.9951172
999.768554688	10607.0644531
1000.03411865	10414.1669922
1000.29962158	10299.6884766
1000.56518555	10062.0732422
1000.83068848	9852.13476563
1001.09619141	9741.57617188
1001.36175537	9606.73144531
1001.6272583	9466.91699219
1001.89282227	9381.46679688
1002.1583252	9337.39160156
1002.42388916	9325.29296875
1002.68939209	9141.99511719
1002.95495605	9159.44042969
1003.22045898	9021.94335938
1003.48602295	9059.26074219
1003.75152588	9095.21386719
1004.01708984	9012.58203125
1004.28259277	9007.26074219
1004.54815674	8994.78515625
1004.81365967	8936.67675781
1005.0791626	8914.56933594
1005.34472656	8948.77832031
1005.61022949	8976.703125
1005.87579346	8968.60449219
1006.14129639	8964.03320313
1006.40686035	8916.56933594
1006.67236328	8962.10839844
1006.93792725	8872.984375
1007.20343018	8866.11523438
1007.46899414	8942.87304688
1007.73449707	8910.44628906
1008.00006104	8860.61523438
1008.26556396	8849.25097656
1008.53112793	8890.01074219
1008.79663086	8911.59765625
1009.06213379	8899.17089844
1009.32769775	8906.09570313
1009.59320068	8933.35546875
1009.85876465	8943.51953125
1010.12426758	8943.29492188
1010.38983154	8917.88476563
1010.65533447	8952.515625
1010.92089844	8983.20019531
1011.18640137	8883.74804688
1011.45196533	8948.203125
1011.71746826	8898.93652344
1011.98303223	8948.0390625
1012.24853516	8911.19238281
1012.51403809	8950.80371094
1012.77960205	8911.52050781
1013.04510498	8872.35449219
1013.31066895	8886.98632813
1013.57617188	8898.94824219
1013.84173584	8956.81835938
1014.10723877	8928.97460938
1014.37280273	8993.98144531
1014.63830566	9049.12792969
1014.90386963	8898.16699219
1015.16937256	9056.58105469
1015.43493652	9085.74414063
1015.70043945	9096.39257813
1015.96600342	9183.15039063
1016.23150635	9098.66601563
1016.49700928	9155.65136719
1016.76257324	9269.29199219
1017.02807617	9242.30078125
1017.29364014	9228.52148438
1017.55914307	9331.51367188
1017.82470703	9436.5078125
1018.09020996	9512.54101563
1018.35577393	9497.17089844
1018.62127686	9561.38574219
1018.88684082	9687.75488281
1019.15234375	9611.75292969
1019.41790771	9704.11816406
1019.68341064	9763.92480469
1019.94897461	9863.01464844
1020.21447754	9922.03417969
1020.47998047	9826.79101563
1020.74554443	9935.46972656
1021.01104736	9994.45800781
1021.27661133	9956.8828125
1021.54211426	9930.80371094
1021.80767822	9884.36816406
1022.07318115	9867.50195313
1022.33874512	9866.87988281
1022.60424805	9674.80175781
1022.86981201	9655.19628906
1023.13531494	9707.125
1023.40087891	9655.92675781
1023.66638184	9604.0703125
1023.9319458	9458.97167969
1024.1973877	9441.69628906
1024.4630127	9367.42773438
1024.72851563	9304.66699219
1024.99401855	9260.03320313
1025.25952148	9181.83300781
1025.52514648	9151.41992188
1025.79064941	9145.48242188
1026.05615234	9092.03125
1026.32165527	9029.73730469
1026.58728027	8960.984375
1026.8527832	8962.42089844
1027.11828613	8948.19433594
1027.38378906	8830.44824219
1027.64941406	8895.41113281
1027.91491699	8837.51269531
1028.18041992	8950.10253906
1028.44592285	8822.53515625
1028.71142578	8853.47363281
1028.97705078	8847.44726563
1029.24255371	8814.99707031
1029.50805664	8800.87792969
1029.77355957	8760.53613281
1030.03918457	8755.83691406
1030.3046875	8833.95410156
1030.57019043	8831.79003906
1030.83569336	8719.21289063
1031.10131836	8772.33300781
1031.36682129	8739.05175781
1031.63232422	8795.96582031
1031.89782715	8691.97753906
1032.16333008	8661.96875
1032.42895508	8655.91308594
1032.69445801	8668.34863281
1032.95996094	8727.14746094
1033.22546387	8753.75488281
1033.49108887	8671.90039063
1033.7565918	8640.39550781
1034.02209473	8648.24121094
1034.28759766	8634.046875
1034.55322266	8576.53613281
1034.81872559	8557.73828125
1035.08422852	8644.10839844
1035.34973145	8589.24707031
1035.61535645	8688.83300781
1035.88085938	8533.01171875
1036.1463623	8590.45996094
1036.41186523	8561.17773438
1036.67736816	8537.79785156
1036.94299316	8442.296875
1037.20849609	8542.02050781
1037.47399902	8547.67773438
1037.73950195	8515.46484375
1038.00512695	8576.64746094
1038.27062988	8543.74316406
1038.53613281	8473.91113281
1038.80163574	8460.85058594
1039.06726074	8461.85058594
1039.33276367	8499.22851563
1039.5982666	8497.13476563
1039.86376953	8519.67578125
1040.12927246	8526.140625
1040.39489746	8488.89550781
1040.66040039	8532.35253906
1040.92590332	8558.44335938
1041.19140625	8521.48046875
1041.45703125	8509.73828125
1041.72253418	8534.90625
1041.98803711	8541.8203125
1042.25354004	8528.59277344
1042.51916504	8548.09375
1042.78466797	8499.45703125
1043.0501709	8476.43457031
1043.31567383	8493.3671875
1043.58129883	8463.37988281
1043.84680176	8534.75390625
1044.11230469	8574.23730469
1044.37780762	8496.87109375
1044.64331055	8548.59082031
1044.90893555	8608.93554688
1045.17443848	8477.19335938
1045.43994141	8531.99707031
1045.70544434	8504.57128906
1045.97106934	8579.41699219
1046.23657227	8603.53027344
1046.5020752	8551.30078125
1046.76757813	8563.87890625
1047.03320313	8598.91796875
1047.29870605	8577.51171875
1047.56420898	8539.23925781
1047.82971191	8548.53710938
1048.09521484	8574.85839844
1048.36083984	8524.97265625
1048.62634277	8444.84570313
1048.8918457	8546.40527344
1049.15734863	8556.77441406
1049.42297363	8574.34277344
1049.68847656	8458.48535156
1049.95397949	8644.61328125
1050.21948242	8603.93457031
1050.48510742	8625.49414063
1050.75061035	8665.41894531
1051.01611328	8626.83203125
1051.28161621	8633.67285156
1051.54711914	8620.828125
1051.81274414	8608.28417969
1052.07824707	8620
1052.34375	8628.38378906
1052.60925293	8664.7109375
1052.87487793	8691.69628906
1053.14038086	8657.69824219
1053.40588379	8716.60449219
1053.67138672	8666.41894531
1053.93701172	8798.8515625
1054.20251465	8647.75488281
1054.46801758	8796.61230469
1054.73352051	8719.93652344
1054.99914551	8770.28222656
1055.26464844	8822.62207031
1055.53015137	8815.47949219
1055.7956543	8845.28515625
1056.06115723	8820.46582031
1056.32678223	8822.80371094
1056.59228516	8839.30957031
1056.85778809	8828.67089844
1057.12329102	8822.56542969
1057.38891602	8789.08105469
1057.65441895	8860.24511719
1057.91992188	9011.09277344
1058.1854248	8957.10742188
1058.4510498	9019.78125
1058.71655273	9005.68164063
1058.98205566	9079.05371094
1059.24755859	9024.90820313
1059.51306152	9159.45703125
1059.77868652	9223.88183594
1060.04418945	9227.67773438
1060.30969238	9285.97949219
1060.57519531	9319.66992188
1060.84082031	9395.85839844
1061.10632324	9483.90429688
1061.37182617	9511.81933594
1061.6373291	9533.92382813
1061.9029541	9630.91699219
1062.16845703	9750.41113281
1062.43395996	9717.59667969
1062.69946289	9786.61230469
1062.96508789	9904.0625
1063.23059082	9907.57324219
1063.49609375	9987.17382813
1063.76159668	10014.8134766
1064.02709961	10140.2314453
1064.29272461	10184.7773438
1064.55822754	10260.1201172
1064.82373047	10305.5693359
1065.0892334	10412.7773438
1065.3548584	10499.3740234
1065.62036133	10547.4375
1065.88586426	10599.875
1066.15136719	10629.3701172
1066.41699219	10687.8974609
1066.68249512	10855.5390625
1066.94799805	10964.6425781
1067.21350098	10911.6962891
1067.47900391	10912.1142578
1067.74462891	11012.3984375
1068.01013184	11035.7714844
1068.27563477	11154.3798828
1068.5411377	11129.3144531
1068.8067627	11240.2558594
1069.07226563	11298.1757813
1069.33776855	11302.1816406
1069.60327148	11359.0869141
1069.86889648	11324.0048828
1070.13439941	11280.1962891
1070.39990234	11316.5644531
1070.66540527	11363.0253906
1070.9309082	11378.5380859
1071.1965332	11344.1738281
1071.46203613	11268.5625
1071.72753906	11245.3349609
1071.99304199	11158.2548828
1072.25866699	11125.28125
1072.52416992	11148.5478516
1072.78967285	11050.5273438
1073.05517578	10940.5625
1073.32080078	10936.1591797
1073.58630371	10885.3867188
1073.85180664	10928.1992188
1074.11730957	10832.8974609
1074.38293457	10733.4501953
1074.6484375	10675.6640625
1074.91394043	10619.1914063
1075.17944336	10529.0722656
1075.44494629	10489.7695313
1075.71057129	10423.1884766
1075.97607422	10311.9853516
1076.24157715	10293.0615234
1076.50708008	10226.1269531
1076.77270508	10119.0712891
1077.03820801	10127.9980469
1077.30371094	10055.9951172
1077.56921387	10046.8564453
1077.83483887	9986.5234375
1078.1003418	9886.40625
1078.36584473	9886.88476563
1078.63134766	9809.61523438
1078.89685059	9757.15722656
1079.16247559	9650.42773438
1079.42797852	9651.30566406
1079.69348145	9581.86621094
1079.95898438	9578.2109375
1080.22460938	9561.46289063
1080.4901123	9499.42382813
1080.75561523	9494.89355469
1081.02111816	9464.34179688
1081.28674316	9379.31933594
1081.55224609	9366.26757813
1081.81774902	9366.08105469
1082.08325195	9295.82421875
1082.34887695	9260.92871094
1082.61437988	9250.68261719
1082.87988281	9191.19628906
1083.14538574	9184.1484375
1083.41088867	9240.39160156
1083.67651367	9168.12304688
1083.9420166	9145.04882813
1084.20751953	9167.13378906
1084.47302246	9145.25390625
1084.73864746	9089.19042969
1085.00415039	9069.26171875
1085.26965332	9091.73535156
1085.53515625	9079.46289063
1085.80078125	9012.1796875
1086.06628418	8979.5703125
1086.33178711	8975.52734375
1086.59729004	8921.70117188
1086.86279297	8976.5390625
1087.12841797	8956.62402344
1087.3939209	8982.37402344
1087.65942383	9004.47460938
1087.92492676	8972.17382813
1088.19055176	8767.55175781
1088.45605469	8889.71777344
1088.72155762	8867.59082031
1088.98706055	8879.50195313
1089.25268555	8870.31542969
1089.51818848	8934.72265625
1089.78369141	8903.76367188
1090.04919434	8829.40625
1090.31481934	8809.71386719
1090.58032227	8832.73242188
1090.8458252	8864.66308594
1091.11132813	8886.09277344
1091.37683105	8888.11230469
1091.64245605	8845.46582031
1091.90795898	8791.1640625
1092.17346191	8851.36816406
1092.43896484	8881.20410156
1092.70458984	8926.94726563
1092.97009277	8740.94042969
1093.2355957	8851.10449219
1093.50109863	8872.27636719
1093.76672363	8807.79589844
1094.03222656	8794.73925781
1094.29772949	8761.71777344
1094.56323242	8834.1015625
1094.82873535	8822.58789063
1095.09436035	8826.13769531
1095.35986328	8805.6328125
1095.62536621	8767.88476563
1095.89086914	8801.05664063
1096.15649414	8825.59472656
1096.42199707	8818.71679688
1096.6875	8858.06445313
1096.95300293	8836.92285156
1097.21862793	8820.87988281
1097.48413086	8912.87011719
1097.74963379	8819.29199219
1098.01513672	8759.28613281
1098.28063965	8828.53027344
1098.54626465	8763.14648438
1098.81176758	8765.39257813
1099.07727051	8814.9921875
1099.34277344	8868.75585938
1099.60839844	8846.03613281
1099.87390137	8803.48144531
1100.1394043	8800.43554688
1100.40490723	8794.92089844
1100.67053223	8761.58300781
1100.93603516	8807.49511719
1101.20153809	8918.90722656
1101.46704102	8914.99414063
1101.73266602	8847.33105469
1101.99816895	8891.34375
1102.26367188	8890.38671875
1102.5291748	8834.65039063
1102.79467773	8870.94824219
1103.06030273	8887.9765625
1103.32580566	8842.92675781
1103.59130859	8963.74121094
1103.85681152	8843.828125
1104.12243652	8975.4140625
1104.38793945	8892.16699219
1104.65344238	8903.12207031
1104.91894531	8881.10058594
1105.18457031	8868.66699219
1105.45007324	8915.18554688
1105.71557617	8916.67480469
1105.9810791	8969.44433594
1106.24658203	8977.55175781
1106.51220703	8888.52734375
1106.77770996	8859.66699219
1107.04321289	8866.98046875
1107.30871582	8885.171875
1107.57434082	8871.79101563
1107.83984375	8815.70507813
1108.10534668	8888.6875
1108.37084961	8870.45410156
1108.63647461	8875.67578125
1108.90197754	8864.56738281
1109.16748047	8827.36425781
1109.4329834	8865.64746094
1109.6986084	8899.52441406
1109.96411133	8789.1171875
1110.22961426	8758.37988281
1110.49511719	8808.64648438
1110.76062012	8788.53808594
1111.02624512	8837.22265625
1111.29174805	8829.34960938
1111.55725098	8759.48828125
1111.82275391	8727.70214844
1112.08837891	8742.10546875
1112.35388184	8803.9609375
1112.61938477	8805.03320313
1112.8848877	8728.20898438
1113.1505127	8764.53417969
1113.41601563	8825.75878906
1113.68151855	8848.41308594
1113.94702148	8723.6640625
1114.21252441	8764.8046875
1114.47814941	8825.47363281
1114.74365234	8803.9609375
1115.00915527	8830.23730469
1115.2746582	8807.921875
1115.5402832	8869.87402344
1115.80578613	8827.48339844
1116.07128906	8825.10644531
1116.33679199	8874.18261719
1116.60241699	8864.74511719
1116.86791992	8840.05957031
1117.13342285	8860.66308594
1117.39892578	8881.76464844
1117.66442871	8867.56152344
1117.93005371	8842.06347656
1118.19555664	8829.45214844
1118.46105957	8844.52929688
1118.7265625	8893.56445313
1118.9921875	8916.85839844
1119.25769043	8863.37988281
1119.52319336	8971.43847656
1119.78869629	8915.66308594
1120.05432129	8891.50976563
1120.31982422	8892.20019531
1120.58532715	8799.46679688
1120.85083008	8844.42089844
1121.11645508	8807.76171875
1121.38195801	8819.1953125
1121.64746094	8776.56542969
1121.91296387	8823.49023438
1122.1784668	8844.7734375
1122.4440918	8783.93359375
1122.70959473	8840.11425781
1122.97509766	8888.34570313
1123.24060059	8815.17871094
1123.50622559	8798.46289063
1123.77172852	8819.95800781
1124.03723145	8854.25390625
1124.30273438	8872.69726563
1124.56835938	8793.02441406
1124.8338623	8782.17773438
1125.09936523	8810.49511719
1125.36486816	8797.65527344
1125.63037109	8879.04492188
1125.89599609	8752.15332031
1126.16149902	8766.91601563
1126.42700195	8789.27929688
1126.69250488	8850.35058594
1126.95812988	8774.75878906
1127.22363281	8769.703125
1127.48913574	8776.4296875
1127.75463867	8747.19433594
1128.02026367	8721.83398438
1128.2857666	8735.41308594
1128.55126953	8725.34667969
1128.81677246	8759.88085938
1129.08239746	8778.64550781
1129.34790039	8693.14257813
1129.61340332	8734.63085938
1129.87890625	8812.09765625
1130.14440918	8815.68261719
1130.41003418	8689.21679688
1130.67553711	8742.18359375
1130.94104004	8692.84472656
1131.20654297	8739.125
1131.47216797	8621.70703125
1131.7376709	8767.06445313
1132.00317383	8724.06054688
1132.26867676	8809.97949219
1132.53430176	8802.62207031
1132.79980469	8752.39160156
1133.06530762	8809.90234375
1133.33081055	8814.65039063
1133.59631348	8807.65820313
1133.86193848	8794.00976563
1134.12744141	8821.89648438
1134.39294434	8832.578125
1134.65844727	8760.49023438
1134.92407227	8715.22851563
1135.1895752	8705.90527344
1135.45507813	8708.40039063
1135.72058105	8802.09765625
1135.98620605	8750.51757813
1136.25170898	8780.04589844
1136.51721191	8673.50976563
1136.78271484	8757.08789063
1137.04833984	8733.87890625
1137.31384277	8749.93066406
1137.5793457	8740.05664063
1137.84484863	8658.0703125
1138.11035156	8784.10546875
1138.37597656	8684.64355469
1138.64147949	8777.69433594
1138.90698242	8804.94140625
1139.17248535	8863.21582031
1139.43811035	8845.58789063
1139.70361328	8816.88574219
1139.96911621	8780.83886719
1140.23461914	8740.25585938
1140.50024414	8727.12109375
1140.76574707	8752.00097656
1141.03125	8763.45605469
1141.29675293	8750.19921875
1141.56225586	8786.99804688
1141.82788086	8802.14257813
1142.09338379	8769.14257813
1142.35888672	8708.97753906
1142.62438965	8663.04980469
1142.89001465	8768.47167969
1143.15551758	8808.13671875
1143.42102051	8791.83007813
1143.68652344	8835.16210938
1143.95214844	8759.77441406
1144.21765137	8780.86230469
1144.4831543	8891.1953125
1144.74865723	8810.33984375
1145.01416016	8807.14257813
1145.27978516	8861.35351563
1145.54528809	8885.43652344
1145.81079102	8873.28710938
1146.07629395	8858.16992188
1146.34191895	8888.61230469
1146.60742188	8945.99902344
1146.8729248	8980.01269531
1147.13842773	8903.98828125
1147.40405273	8831.25292969
1147.66955566	8918.22363281
1147.93505859	8933.55273438
1148.20056152	8940.56933594
1148.46618652	8918.31445313
1148.73168945	8966.921875
1148.99719238	8956.23339844
1149.26269531	8979.77246094
1149.52819824	8879.88964844
1149.79382324	8980.62304688
1150.05932617	8934.5078125
1150.3248291	8916.88476563
1150.59033203	9052.35546875
1150.85595703	8929.62890625
1151.12145996	8859.40917969
1151.38696289	8960.59667969
1151.65246582	9022.40527344
1151.91809082	8945.27441406
1152.18359375	8899.53808594
1152.44909668	8920.91113281
1152.71459961	8939.14550781
1152.98010254	8953.04492188
1153.24572754	8967.27441406
1153.51123047	8957.54394531
1153.7767334	8921.71972656
1154.04223633	8927.08203125
1154.30786133	9005.93847656
1154.57336426	9001.92578125
1154.83886719	8974.91796875
1155.10437012	8964.59765625
1155.36999512	9044.81542969
1155.63549805	8938.11425781
1155.90100098	8943.22460938
1156.16650391	8940.35351563
1156.43212891	9044.32519531
1156.69763184	9103.25488281
1156.96313477	9051.36816406
1157.2286377	8887.13671875
1157.49414063	8910.54003906
1157.75976563	9061.54882813
1158.02526855	9002.90429688
1158.29077148	9065.8984375
1158.55627441	9096.84082031
1158.82189941	9069.42578125
1159.08740234	9052.23046875
1159.35290527	9074.15820313
1159.6184082	9108.11230469
1159.8840332	9093.21191406
1160.14953613	9079.09375
1160.41503906	9117.9765625
1160.68054199	9154.81445313
1160.94604492	9170.16894531
1161.21166992	9125.59765625
1161.47717285	9153.45800781
1161.74267578	9098.22167969
1162.00817871	9159.77636719
1162.27380371	9113.30957031
1162.53930664	9173.26367188
1162.80480957	9031.47558594
1163.0703125	9158.50195313
1163.3359375	9178.046875
1163.60144043	9168.04589844
1163.86694336	9179.36914063
1164.13244629	9204.68164063
1164.39794922	9222.40917969
1164.66357422	9216.59375
1164.92907715	9200.55957031
1165.19458008	9245.89550781
1165.46008301	9280.29882813
1165.72570801	9208.68847656
1165.99121094	9157.44628906
1166.25671387	9210.74121094
1166.5222168	9238.15820313
1166.7878418	9183.39550781
1167.05334473	9185.44140625
1167.31884766	9246.8359375
1167.58435059	9243.47265625
1167.84997559	9284.16113281
1168.11547852	9209.14746094
1168.38098145	9276.55859375
1168.64648438	9249.93066406
1168.9119873	9344.4453125
1169.1776123	9174.35351563
1169.44311523	9278.62890625
1169.70861816	9229.09179688
1169.97412109	9243.29101563
1170.23974609	9289.16699219
1170.50524902	9293.47753906
1170.77075195	9312.18652344
1171.03625488	9271.36816406
1171.30187988	9279.49316406
1171.56738281	9306.15527344
1171.83288574	9326.35644531
1172.09838867	9341.76953125
1172.3638916	9327.53125
1172.6295166	9314.21777344
1172.89501953	9338.609375
1173.16052246	9385.56933594
1173.42602539	9388.83105469
1173.69165039	9329.61425781
1173.95715332	9334.5234375
1174.22265625	9403.33105469
1174.48815918	9397.12988281
1174.75378418	9464.33691406
1175.01928711	9468.52246094
1175.28479004	9485.84082031
1175.55029297	9441.05175781
1175.81591797	9534.94824219
1176.0814209	9495.68457031
1176.34692383	9635.34570313
1176.61242676	9622.46582031
1176.87792969	9650.19726563
1177.14355469	9609.85351563
1177.40905762	9586.43945313
1177.67456055	9715.99511719
1177.94006348	9693.42773438
1178.20568848	9740.43261719
1178.47119141	9678.52636719
1178.73669434	9681.43457031
1179.00219727	9712.5703125
1179.26782227	9695.578125
1179.5333252	9696.11425781
1179.79882813	9714.16503906
1180.06433105	9721.8671875
1180.32983398	9716.34570313
1180.59545898	9729.57324219
1180.86096191	9726.86425781
1181.12646484	9697.41699219
1181.39196777	9721.45800781
1181.65759277	9690.25390625
1181.9230957	9681.63964844
1182.18859863	9734.92675781
1182.45410156	9729.22949219
1182.71972656	9679.77148438
1182.98522949	9642.04785156
1183.25073242	9658.65820313
1183.51623535	9652.97363281
1183.78186035	9624.81445313
1184.04736328	9592.28125
1184.31286621	9613.44238281
1184.57836914	9677.83691406
1184.84387207	9583.67675781
1185.10949707	9534.66503906
1185.375	9626.55371094
1185.64050293	9587.72265625
1185.90600586	9588.42675781
1186.17163086	9570.20996094
1186.43713379	9541.15820313
1186.70263672	9543.21777344
1186.96813965	9518.90429688
1187.23376465	9540.04492188
1187.49926758	9570.90625
1187.76477051	9503.75390625
1188.03027344	9494.99609375
1188.29577637	9572.91113281
1188.56140137	9539.74902344
1188.8269043	9503.14453125
1189.09240723	9521.20605469
1189.35791016	9470.16601563
1189.62353516	9501.72558594
1189.88903809	9609.11621094
1190.15454102	9524.33105469
1190.42004395	9464.19628906
1190.68566895	9457.94628906
1190.95117188	9498.47460938
1191.2166748	9486.6015625
1191.48217773	9594.6796875
1191.74768066	9481.38183594
1192.01330566	9483.25878906
1192.27880859	9445.92382813
1192.54431152	9473.08886719
1192.80981445	9470.37304688
1193.07543945	9505.89746094
1193.34094238	9463.9453125
1193.60644531	9468.80566406
1193.87194824	9440.63867188
1194.13757324	9488.48046875
1194.40307617	9454.69042969
1194.6685791	9429.62695313
1194.93408203	9458.98242188
1195.19970703	9428.71582031
1195.46520996	9400.69140625
1195.73071289	9410.41796875
1195.99621582	9405.25585938
1196.26171875	9402.49902344
1196.52734375	9407.58789063
1196.79284668	9418.79101563
1197.05834961	9387.83300781
1197.32385254	9420.33105469
1197.58947754	9508.77246094
1197.85498047	9400.92871094
1198.1204834	9435.109375
1198.38598633	9371.75976563
1198.65161133	9470.20410156
1198.91711426	9460.8515625
1199.18261719	9472.79882813
1199.44812012	9457.2421875
1199.71362305	9450.54589844
1199.97924805	9475.58886719
1200.24475098	9440.421875
1200.51025391	9380.74414063
1200.77575684	9325.67871094
1201.04138184	9377.18652344
1201.30688477	9424.21289063
1201.5723877	9378.10351563
1201.83789063	9429.75390625
1202.10351563	9353.11132813
1202.36901855	9277.47265625
1202.63452148	9364.85058594
1202.90002441	9336.20996094
1203.16564941	9284.22460938
1203.43115234	9353.015625
1203.69665527	9424.41113281
1203.9621582	9471.70507813
1204.22766113	9427.17675781
1204.49328613	9378.49023438
1204.75878906	9383.78515625
1205.02429199	9418.64160156
1205.28979492	9460.81054688
1205.55541992	9470.77734375
1205.82092285	9489.38964844
1206.08642578	9483.75195313
1206.35192871	9355.14941406
1206.61755371	9503.48925781
1206.88305664	9328.5859375
1207.14855957	9399.4921875
1207.4140625	9426.10351563
1207.67956543	9476.95800781
1207.94519043	9361.01464844
1208.21069336	9380.484375
1208.47619629	9414.65234375
1208.74169922	9420.33300781
1209.00732422	9420.59277344
1209.27282715	9415.93554688
1209.53833008	9410.98828125
1209.80383301	9467.17578125
1210.06945801	9385.78320313
1210.33496094	9359.9375
1210.60046387	9346.03320313
1210.8659668	9352.875
1211.13146973	9369.95410156
1211.39709473	9299.14550781
1211.66259766	9243.02636719
1211.92810059	9276.7734375
1212.19360352	9357.72167969
1212.45922852	9385.18359375
1212.72473145	9354.90820313
1212.99023438	9440.61230469
1213.2557373	9439.41308594
1213.5213623	9495.5
1213.78686523	9399.93261719
1214.05236816	9452.43359375
1214.31787109	9363.17871094
1214.58349609	9395.49902344
1214.84899902	9395.56640625
1215.11450195	9357.078125
1215.38000488	9308.64160156
1215.64550781	9417.26367188
1215.91113281	9402.46289063
1216.17663574	9371.58691406
1216.44213867	9422.20117188
1216.7076416	9456.12597656
1216.9732666	9434.89941406
1217.23876953	9414.296875
1217.50427246	9409.61816406
1217.76977539	9443.12792969
1218.03540039	9480.42480469
1218.30090332	9413.11328125
1218.56640625	9419.99609375
1218.83190918	9478.35449219
1219.09741211	9532.53515625
1219.36303711	9469.13183594
1219.62854004	9447.08105469
1219.89404297	9469.85546875
1220.1595459	9505.69238281
1220.4251709	9538.00878906
1220.69067383	9475.92578125
1220.95617676	9418.06738281
1221.22167969	9448.97167969
1221.48730469	9497.33691406
1221.75280762	9484.75585938
1222.01831055	9463.99316406
1222.28381348	9460.42675781
1222.54943848	9555.76660156
1222.81494141	9535.63574219
1223.08044434	9463.67480469
1223.34594727	9466.68066406
1223.6114502	9546.00097656
1223.8770752	9554.01660156
1224.14257813	9406.64746094
1224.40808105	9540.19433594
1224.67358398	9590.36914063
1224.93920898	9497.28320313
1225.20471191	9592.62011719
1225.47021484	9449.59179688
1225.73571777	9534.10351563
1226.00134277	9611.78515625
1226.2668457	9579.234375
1226.53234863	9474.48339844
1226.79785156	9473.06347656
1227.06335449	9510.41601563
1227.32897949	9471.16992188
1227.59448242	9465.52246094
1227.85998535	9500.58691406
1228.12548828	9480.015625
1228.39111328	9401.76367188
1228.65661621	9377.640625
1228.92211914	9450.1484375
1229.18762207	9492.88964844
1229.45324707	9507.00488281
1229.71875	9523.1875
1229.98425293	9539.94238281
1230.24975586	9531.13867188
1230.51538086	9511.97460938
1230.78088379	9575.96191406
1231.04638672	9550.77148438
1231.31188965	9632.83691406
1231.57739258	9589.39257813
1231.84301758	9606.48632813
1232.10852051	9602.00585938
1232.37402344	9529.26953125
1232.63952637	9494.33105469
1232.90515137	9587.04492188
1233.1706543	9551.30273438
1233.43615723	9500.95703125
1233.70166016	9552.015625
1233.96728516	9667.31738281
1234.23278809	9567.14160156
1234.49829102	9650.34472656
1234.76379395	9612.34570313
1235.02929688	9645.87890625
1235.29492188	9724.15136719
1235.5604248	9693.29785156
1235.82592773	9711.83886719
1236.09143066	9736.63671875
1236.35705566	9673.25683594
1236.62255859	9649.30273438
1236.88806152	9670.52734375
1237.15356445	9710.31152344
1237.41918945	9798.33007813
1237.68469238	9833.15625
1237.95019531	9784.91894531
1238.21569824	9763.68066406
1238.48120117	9769.03222656
1238.74682617	9732.37792969
1239.0123291	9749.625
1239.27783203	9807.82910156
1239.54333496	9786.2265625
1239.80895996	9746.69433594
1240.07446289	9738.18652344
1240.33996582	9774.16015625
1240.60546875	9837.40625
1240.87109375	9765.48339844
1241.13659668	9683.1875
1241.40209961	9695.46386719
1241.66760254	9791.67382813
1241.93322754	9794.85644531
1242.19873047	9755.84570313
1242.4642334	9727.1328125
1242.72973633	9620.22167969
1242.99523926	9661.05664063
1243.26086426	9744.60839844
1243.52636719	9682.1796875
1243.79187012	9670.77539063
1244.05737305	9751.49902344
1244.32299805	9691.15136719
1244.58850098	9691.25
1244.85400391	9679.63769531
1245.11950684	9749.84375
1245.38513184	9767.34960938
1245.65063477	9701.99316406
1245.9161377	9764.85742188
1246.18164063	9677.9296875
1246.44714355	9714.55078125
1246.71276855	9709.87207031
1246.97827148	9658.75488281
1247.24377441	9737.13085938
1247.50927734	9766.42285156
1247.77490234	9777.43164063
1248.04040527	9734.25488281
1248.3059082	9739.50390625
1248.57141113	9758.41894531
1248.83703613	9776.1953125
1249.10253906	9812.55761719
1249.36804199	9821.17871094
1249.63354492	9786.63183594
1249.89916992	9743.88476563
1250.16467285	9698.04492188
1250.43017578	9720.37402344
1250.69567871	9843.89550781
1250.96118164	9838.34179688
1251.22680664	9724.45898438
1251.49230957	9751.265625
1251.7578125	9821.26367188
1252.02331543	9791.54296875
1252.28894043	9834.70507813
1252.55444336	9887.41894531
1252.81994629	9913.06933594
1253.08544922	9836.62890625
1253.35107422	9838.47558594
1253.61657715	9734.15136719
1253.88208008	9783.50097656
1254.14758301	9885.73242188
1254.41308594	9885.56738281
1254.67871094	9859.66796875
1254.94421387	9874.93945313
1255.2097168	9849.75878906
1255.47521973	9856.56445313
1255.74084473	9868.74121094
1256.00634766	9866.35839844
1256.27185059	9793.80566406
1256.53735352	9919.12792969
1256.80297852	9936.55957031
1257.06848145	9961.74804688
1257.33398438	9980.01660156
1257.5994873	9952.00976563
1257.8651123	9934.92871094
1258.13061523	9898.94824219
1258.39611816	9896.94628906
1258.66162109	9959.86425781
1258.92712402	9912.13085938
1259.19274902	9903.67382813
1259.45825195	9906.8046875
1259.72375488	9869.16894531
1259.98925781	9894.43164063
1260.25488281	9947.27832031
1260.52038574	9930.87597656
1260.78588867	9946.5703125
1261.0513916	9995.72363281
1261.3170166	9935.01660156
1261.58251953	9892.56542969
1261.84802246	9921.69433594
1262.11352539	9918.58398438
1262.37902832	9983.76171875
1262.64465332	9987.04101563
1262.91015625	9949.28320313
1263.17565918	9991.64453125
1263.44116211	9999.67285156
1263.70678711	10057.390625
1263.97229004	9985.84960938
1264.23779297	9952.16210938
1264.5032959	10048.4599609
1264.7689209	10059.6650391
1265.03442383	10027.8408203
1265.29992676	10052.890625
1265.56542969	10036.3935547
1265.83093262	10034.6738281
1266.09655762	10051.9462891
1266.36206055	10114.3466797
1266.62756348	10089.4638672
1266.89306641	10175.3320313
1267.15869141	10066.1826172
1267.42419434	10050.0351563
1267.68969727	10051.7851563
1267.9552002	10073.2041016
1268.2208252	10062.7900391
1268.48632813	10177.3037109
1268.75183105	10121.3544922
1269.01733398	10128.4970703
1269.28295898	10093.8603516
1269.54846191	10103.9335938
1269.81396484	10149.2597656
1270.07946777	10145.1396484
1270.3449707	10125.6904297
1270.6105957	10153.2714844
1270.87609863	10185.2431641
1271.14160156	10141.3144531
1271.40710449	10173.4931641
1271.67272949	10169.4892578
1271.93823242	10161.3212891
1272.20373535	10175.4179688
1272.46923828	10166.0449219
1272.73486328	10182.6083984
1273.00036621	10175.6474609
1273.26586914	10128.6201172
1273.53137207	10105.0322266
1273.796875	10087.9228516
1274.0625	10135.3173828
1274.32800293	10217.3232422
1274.59350586	10185.8457031
1274.85900879	10169.9970703
1275.12463379	10211.4697266
1275.39013672	10211.3095703
1275.65563965	10204.6533203
1275.92114258	10141.3828125
1276.18676758	10133.0732422
1276.45227051	10188.1865234
1276.71777344	10174.3154297
1276.98327637	10250.6171875
1277.24890137	10306.8916016
1277.5144043	10231.3212891
1277.77990723	10261.8144531
1278.04541016	10110.984375
1278.31091309	10235.9003906
1278.57653809	10187.6318359
1278.84204102	10279.5009766
1279.10754395	10184.1435547
1279.37304688	10173.5917969
1279.63867188	10193.6279297
1279.9041748	10187.7246094
1280.16967773	10143.1259766
1280.43518066	10180.0664063
1280.70080566	10160.9160156
1280.96630859	10158.7246094
1281.23181152	10239.25
1281.49731445	10146.4960938
1281.76281738	10114.6279297
1282.02844238	10193.2089844
1282.29394531	10115.6318359
1282.55944824	10300.3144531
1282.82495117	10197.6044922
1283.09057617	10173.6669922
1283.3560791	10170.1191406
1283.62158203	10171.6025391
1283.88708496	10271.2558594
1284.15270996	10210.2128906
1284.41821289	10194.2382813
1284.68371582	10276.9326172
1284.94921875	10223.6474609
1285.21472168	10184.1015625
1285.48034668	10199.4345703
1285.74584961	10148.7578125
1286.01135254	10225.1074219
1286.27685547	10242.9863281
1286.54248047	10221.2851563
1286.8079834	10224.1337891
1287.07348633	10210.6552734
1287.33898926	10245.3330078
1287.60461426	10267.0449219
1287.87011719	10274.6162109
1288.13562012	10317.0585938
1288.40112305	10325.0400391
1288.66674805	10246.3886719
1288.93225098	10257.9316406
1289.19775391	10328.5449219
1289.46325684	10362.3125
1289.72875977	10335.8720703
1289.99438477	10249.1337891
1290.2598877	10280.6357422
1290.52539063	10266.8632813
1290.79089355	10281.2685547
1291.05651855	10254.3115234
1291.32202148	10246.1191406
1291.58752441	10309.109375
1291.85302734	10305.453125
1292.11865234	10281.9248047
1292.38415527	10357.2353516
1292.6496582	10368.5097656
1292.91516113	10355.2685547
1293.18066406	10347.8408203
1293.44628906	10366.0078125
1293.71179199	10445.2353516
1293.97729492	10331.2441406
1294.24279785	10356.1054688
1294.50842285	10322.8076172
1294.77392578	10424.3964844
1295.03942871	10356.3183594
1295.30493164	10358.1933594
1295.57055664	10535.3300781
1295.83605957	10475.1152344
1296.1015625	10378.9394531
1296.36706543	10361.9375
1296.63269043	10461.8369141
1296.89819336	10401.5878906
1297.16369629	10393.9716797
1297.42919922	10434.5791016
1297.69470215	10436.9511719
1297.96032715	10426.0341797
1298.22583008	10410.8671875
1298.49133301	10426.03125
1298.75683594	10377.8144531
1299.02246094	10424.1416016
1299.28796387	10392.6855469
1299.5534668	10436.0332031
1299.81896973	10328.2919922
1300.08459473	10274.6298828
1300.35009766	10387.0966797
1300.61560059	10418.4511719
1300.88110352	10391.2490234
1301.14660645	10419.7089844
1301.41223145	10392.8896484
1301.67773438	10321.7480469
1301.9432373	10395.3623047
1302.20874023	10493.2646484
1302.47436523	10461.5419922
1302.73986816	10413.5810547
1303.00537109	10414.7490234
1303.27087402	10343.0449219
1303.53649902	10324.4746094
1303.80200195	10424.40625
1304.06750488	10419.4697266
1304.33300781	10419.3486328
1304.59863281	10413.2382813
1304.86413574	10339.7578125
1305.12963867	10399.4521484
1305.3951416	10468.0029297
1305.66064453	10514.7666016
1305.92626953	10455.9521484
1306.19177246	10449.5732422
1306.45727539	10440.6464844
1306.72277832	10440.6279297
1306.98840332	10470.6542969
1307.25390625	10415.5341797
1307.51940918	10591.71875
1307.78491211	10521.9052734
1308.05053711	10545.453125
1308.31604004	10543.4453125
1308.58154297	10562.8613281
1308.8470459	10614.0820313
1309.11254883	10500.7978516
1309.37817383	10496.96875
1309.64367676	10573.703125
1309.90917969	10570.6386719
1310.17468262	10613.7744141
1310.44030762	10485.6933594
1310.70581055	10405.4248047
1310.97131348	10473.9628906
1311.23681641	10526.0585938
1311.50244141	10465.9560547
1311.76794434	10609.1826172
1312.03344727	10513.3671875
1312.2989502	10570.6054688
1312.56445313	10566.8955078
1312.83007813	10545.4873047
1313.09558105	10436.2734375
1313.36108398	10593.59375
1313.62658691	10601.5839844
1313.89221191	10560.0810547
1314.15771484	10542.5166016
1314.42321777	10404.8398438
1314.6887207	10495.375
1314.9543457	10438.4072266
1315.21984863	10452.0068359
1315.48535156	10428.9560547
1315.75085449	10466.5263672
1316.01647949	10446.9384766
1316.28198242	10441.3916016
1316.54748535	10481.1894531
1316.81298828	10465.9101563
1317.07849121	10505.8925781
1317.34411621	10511.2050781
1317.60961914	10421.3017578
1317.87512207	10538.4423828
1318.140625	10508.0742188
1318.40625	10450.4677734
1318.67175293	10469.3486328
1318.93725586	10531.0410156
1319.20275879	10544.2109375
1319.46838379	10564.2548828
1319.73388672	10578.0957031
1319.99938965	10604.5166016
1320.26489258	10559.3164063
1320.53039551	10507.6708984
1320.79602051	10595.5449219
1321.06152344	10609.734375
1321.32702637	10574.9638672
1321.5925293	10594.9970703
1321.8581543	10621.4667969
1322.12365723	10622.9970703
1322.38916016	10655.0556641
1322.65466309	10695.8339844
1322.92028809	10666.2939453
1323.18579102	10633.390625
1323.45129395	10659.5625
1323.71679688	10668.6132813
1323.98242188	10703.390625
1324.2479248	10699.0546875
1324.51342773	10718.8173828
1324.77893066	10755.0195313
1325.04443359	10643.5595703
1325.31005859	10611.1533203
1325.57556152	10632.3867188
1325.84106445	10651.359375
1326.10656738	10689.0761719
1326.37219238	10728.2480469
1326.63769531	10739.7958984
1326.90319824	10728.0927734
1327.16870117	10664.1367188
1327.43432617	10727.3330078
1327.6998291	10670.0429688
1327.96533203	10688.5458984
1328.23083496	10700.4550781
1328.49633789	10788.8320313
1328.76196289	10682.5458984
1329.02746582	10710.3388672
1329.29296875	10698.3398438
1329.55847168	10693.4365234
1329.82409668	10674.7802734
1330.08959961	10727.3886719
1330.35510254	10716.5087891
1330.62060547	10769.8427734
1330.88623047	10723.3691406
1331.1517334	10724.0332031
1331.41723633	10760.8144531
1331.68273926	10649.1601563
1331.94824219	10801.9423828
1332.21386719	10724.2451172
1332.47937012	10799.7324219
1332.74487305	10802.1318359
1333.01037598	10887.0654297
1333.27600098	10836.8222656
1333.54150391	10810.6894531
1333.80700684	10871.4814453
1334.07250977	10961.3554688
1334.33813477	10938.609375
1334.6036377	10899.9335938
1334.86914063	10883.2119141
1335.13464355	10897.796875
1335.40026855	10931.5351563
1335.66577148	10975.5859375
1335.93127441	10800.6376953
1336.19677734	10967.1972656
1336.46228027	11042.6181641
1336.72790527	10971.5361328
1336.9934082	11010.1767578
1337.25891113	10948.8349609
1337.52441406	10911.8398438
1337.79003906	11003.2841797
1338.05554199	10906.5810547
1338.32104492	10978.0068359
1338.58654785	10976.3154297
1338.85217285	11045.7666016
1339.11767578	10936.9101563
1339.38317871	11006.8769531
1339.64868164	10989.0556641
1339.91418457	10969.515625
1340.17980957	10906.5859375
1340.4453125	10980.1279297
1340.71081543	10904.8476563
1340.97631836	10883.9345703
1341.24194336	10973.2353516
1341.50744629	10845.4462891
1341.77294922	10962.0878906
1342.03845215	10968.3212891
1342.30407715	10958.5771484
1342.56958008	10952.1298828
1342.83508301	10812.2382813
1343.10058594	10843.5
1343.36621094	10884.2861328
1343.63171387	10803.2988281
1343.8972168	10879.3779297
1344.16271973	10834.8476563
1344.42822266	10882.7402344
1344.69384766	10939.5654297
1344.95935059	10820.9345703
1345.22485352	10869.4492188
1345.49035645	10849.6044922
1345.75598145	10874.1679688
1346.02148438	10834.4335938
1346.2869873	10846.1757813
1346.55249023	10868.4521484
1346.81811523	10825.8427734
1347.08361816	10834.65625
1347.34912109	10900.1542969
1347.61462402	10873.9755859
1347.88012695	10930.7431641
1348.14575195	10908.5488281
1348.41125488	10876.890625
1348.67675781	10907.8105469
1348.94226074	10908.2958984
1349.20788574	10930.1972656
1349.47338867	10874.3583984
1349.7388916	10945.1347656
1350.00439453	10952.375
1350.27001953	10939.0839844
1350.53552246	11012.3701172
1350.80102539	10993.3017578
1351.06652832	10936.1337891
1351.33215332	10986.1542969
1351.59765625	10885.5507813
1351.86315918	10896.1513672
1352.12866211	10902.0244141
1352.39416504	10884.7753906
1352.65979004	11020.3476563
1352.92529297	10993.6552734
1353.1907959	10948.7363281
1353.45629883	10964.7099609
1353.72192383	10890.7705078
1353.98742676	10866.6191406
1354.25292969	10891.6640625
1354.51843262	10874.4189453
1354.78405762	10850.8730469
1355.04956055	10919.7402344
1355.31506348	10948.4892578
1355.58056641	10959.0009766
1355.84606934	10895.6259766
1356.11169434	10822.0517578
1356.37719727	10893.0761719
1356.6427002	10877.375
1356.90820313	10812.3984375
1357.17382813	10832.9746094
1357.43933105	10901.6367188
1357.70483398	10890.1611328
1357.97033691	10818.9912109
1358.23596191	10820.3339844
1358.50146484	10811.2597656
1358.76696777	10796.7949219
1359.0324707	10788.0732422
1359.29797363	10765.3144531
1359.56359863	10786.7880859
1359.82910156	10796.3652344
1360.09460449	10814.7128906
1360.36010742	10772.0097656
1360.62573242	10763.2441406
1360.89123535	10802.2851563
1361.15673828	10803.2304688
1361.42224121	10813.4248047
1361.68786621	10845.109375
1361.95336914	10834.8847656
1362.21887207	10856.0205078
1362.484375	10815.6787109
1362.75	10802.1923828
1363.01550293	10838.1689453
1363.28100586	10854.2490234
1363.54650879	10834.2363281
1363.81201172	10866.4169922
1364.07763672	10932.375
1364.34313965	10938.0908203
1364.60864258	10937.1835938
1364.87414551	10903.9658203
1365.13977051	10899.1513672
1365.40527344	10965.7236328
1365.67077637	10949.5117188
1365.9362793	10940.8574219
1366.2019043	10921.0244141
1366.46740723	10841.8164063
1366.73291016	10890.0673828
1366.99841309	10936.375
1367.26391602	10927.5537109
1367.52954102	10787.9091797
1367.79504395	10842.9619141
1368.06054688	10782.7939453
1368.3260498	10877.6386719
1368.5916748	10850.6298828
1368.85717773	10859.6660156
1369.12268066	10853.9443359
1369.38818359	10828.4394531
1369.65380859	10781.3466797
1369.91931152	10792.9619141
1370.18481445	10811.0292969
1370.45031738	10740.6689453
1370.71594238	10705.1103516
1370.98144531	10751.3271484
1371.24694824	10777.0126953
1371.51245117	10764.296875
1371.7779541	10727.8359375
1372.0435791	10689.1943359
1372.30908203	10778.6699219
1372.57458496	10775.3222656
1372.84008789	10772.2021484
1373.10571289	10758.1123047
1373.37121582	10657.0791016
1373.63671875	10739.9345703
1373.90222168	10729.375
1374.16784668	10710.9101563
1374.43334961	10657.9179688
1374.69885254	10629.7978516
1374.96435547	10616.4091797
1375.2298584	10634.8134766
1375.4954834	10640.1650391
1375.76098633	10576.1132813
1376.02648926	10559.8896484
1376.29199219	10649.4423828
1376.55761719	10673.4824219
1376.82312012	10656.0732422
1377.08862305	10667.8476563
1377.35412598	10686.9736328
1377.61975098	10623.9570313
1377.88525391	10606.0898438
1378.15075684	10740.4794922
1378.41625977	10677.9853516
1378.6817627	10649.4560547
1378.9473877	10602.8828125
1379.21289063	10637.1113281
1379.47839355	10589.5751953
1379.74389648	10647.5537109
1380.00952148	10602.8320313
1380.27502441	10651.3730469
1380.54052734	10573.7041016
1380.80603027	10532.7333984
1381.07165527	10579.8046875
1381.3371582	10583.9619141
1381.60266113	10532.8300781
1381.86816406	10491.9169922
1382.13378906	10505.2646484
1382.39929199	10510.1015625
1382.66479492	10615.0478516
1382.93029785	10600.2832031
1383.19580078	10551.1640625
1383.46142578	10572.9492188
1383.72692871	10567.3603516
1383.99243164	10534.9179688
1384.25793457	10553.2089844
1384.52355957	10506.6962891
1384.7890625	10473.7431641
1385.05456543	10399.8417969
1385.32006836	10440.2353516
1385.58569336	10509.0742188
1385.85119629	10417.28125
1386.11669922	10303.7792969
1386.38220215	10398.7158203
1386.64770508	10463.1132813
1386.91333008	10426.5625
1387.17883301	10422.6015625
1387.44433594	10415.3056641
1387.70983887	10390.5654297
1387.97546387	10346.1386719
1388.2409668	10350.4755859
1388.50646973	10303.078125
1388.77197266	10344.1601563
1389.03759766	10319.3720703
1389.30310059	10272.8457031
1389.56860352	10331.7011719
1389.83410645	10315.0898438
1390.09973145	10337.0869141
1390.36523438	10338.2890625
1390.6307373	10236.8837891
1390.89624023	10321.4609375
1391.16174316	10286.375
1391.42736816	10339.2333984
1391.69287109	10295.2207031
1391.95837402	10394.3896484
1392.22387695	10312.9785156
1392.48950195	10287.8476563
1392.75500488	10251.7939453
1393.02050781	10325.7392578
1393.28601074	10310.5849609
1393.55163574	10299.5214844
1393.81713867	10354.6269531
1394.0826416	10378.5820313
1394.34814453	10251.6464844
1394.61364746	10222.1621094
1394.87927246	10239.6425781
1395.14477539	10293.203125
1395.41027832	10260.3359375
1395.67578125	10223.8398438
1395.94140625	10285.9414063
1396.20690918	10219.3212891
1396.47241211	10241.6660156
1396.73791504	10286.3652344
1397.00354004	10173.7646484
1397.26904297	10207.1367188
1397.5345459	10183.4404297
1397.80004883	10159.7421875
1398.06567383	10196.9609375
1398.33117676	10124.5771484
1398.59667969	10166.1875
1398.86218262	10156.0830078
1399.12768555	10124.3642578
1399.39331055	10097.5986328
1399.65881348	10096.1523438
1399.92431641	10112.6220703
1400.18981934	10164.9726563
1400.45544434	10100.5625
1400.72094727	10073.9462891
1400.9864502	10183.8496094
1401.25195313	10238.1835938
1401.51757813	10235.9238281
1401.78308105	10187.4150391
1402.04858398	10159.6923828
1402.31408691	10187.5849609
1402.57958984	10242.8984375
1402.84521484	10253.7880859
1403.11071777	10244.9101563
1403.3762207	10258.1708984
1403.64172363	10181.7226563
1403.90734863	10293.3945313
1404.17285156	10287.0664063
1404.43835449	10256.5517578
1404.70385742	10249.0019531
1404.96948242	10270.8125
1405.23498535	10316.2529297
1405.50048828	10335.8916016
1405.76599121	10232.1132813
1406.03149414	10274.1982422
1406.29711914	10280.0478516
1406.56262207	10209.078125
1406.828125	10256.6689453
1407.09362793	10254.5361328
1407.35925293	10249.796875
1407.62475586	10342.9443359
1407.89025879	10338.2617188
1408.15576172	10304.2773438
1408.42138672	10359.0595703
1408.68688965	10316.3564453
1408.95239258	10324.3876953
1409.21789551	10221.75
1409.48352051	10240.4511719
1409.74902344	10287.1220703
1410.01452637	10285.6191406
1410.2800293	10281.2949219
1410.54553223	10266.2724609
1410.81115723	10265.7832031
1411.07666016	10265.0341797
1411.34216309	10276.8095703
1411.60766602	10306.4628906
1411.87329102	10263.0019531
1412.13879395	10190.2236328
1412.40429688	10240.1591797
1412.6697998	10307.1572266
1412.9354248	10291.6513672
1413.20092773	10231.4267578
1413.46643066	10264.0214844
1413.73193359	10255.6757813
1413.99743652	10202.609375
1414.26306152	10214.7236328
1414.52856445	10232.5224609
1414.79406738	10191.9970703
1415.05957031	10234.3056641
1415.32519531	10233.4550781
1415.59069824	10245.1728516
1415.85620117	10195.5546875
1416.1217041	10184.1357422
1416.3873291	10211.8291016
1416.65283203	10218.5234375
1416.91833496	10182.4179688
1417.18383789	10171.703125
1417.44946289	10186.7900391
1417.71496582	10225.1162109
1417.98046875	10196.9873047
1418.24597168	10227.9111328
1418.51147461	10317.5087891
1418.77709961	10273.9072266
1419.04260254	10204.9257813
1419.30810547	10239.5429688
1419.5736084	10294.1601563
1419.8392334	10245.5517578
1420.10473633	10242.4296875
1420.37023926	10257.3242188
1420.63574219	10258.2880859
1420.90136719	10273.3339844
1421.16687012	10285.3837891
1421.43237305	10321.8837891
1421.69787598	10278.5263672
1421.96337891	10330.3222656
1422.22900391	10258.3574219
1422.49450684	10339.5009766
1422.76000977	10344.5361328
1423.0255127	10337.2226563
1423.2911377	10341.5947266
1423.55664063	10390.5244141
1423.82214355	10287.4013672
1424.08764648	10293.4365234
1424.35327148	10399.6220703
1424.61877441	10388.4326172
1424.88427734	10285.96875
1425.14978027	10337.1728516
1425.4152832	10345.8642578
1425.6809082	10330.4619141
1425.94641113	10355.6123047
1426.21191406	10312.9667969
1426.47741699	10237.1669922
1426.74304199	10286.7880859
1427.00854492	10353.1035156
1427.27404785	10274.84375
1427.53955078	10271.7382813
1427.80517578	10301.7402344
1428.07067871	10292.2802734
1428.33618164	10243.0097656
1428.60168457	10316.4003906
1428.86730957	10373.0214844
1429.1328125	10341.1152344
1429.39831543	10333.5332031
1429.66381836	10283.2041016
1429.92932129	10371.5732422
1430.19494629	10303.34375
1430.46044922	10344.0683594
1430.72595215	10389.5605469
1430.99145508	10288.4101563
1431.25708008	10327.6865234
1431.52258301	10287.3173828
1431.78808594	10430.8300781
1432.05358887	10315.5322266
1432.31921387	10404.5341797
1432.5847168	10423.7675781
1432.85021973	10352.5371094
1433.11572266	10382.5234375
1433.38122559	10316.6396484
1433.64685059	10399.9394531
1433.91235352	10485.7070313
1434.17785645	10403.2480469
1434.44335938	10423.3515625
1434.70898438	10398.0058594
1434.9744873	10414.4873047
1435.23999023	10440.5449219
1435.50549316	10444.7451172
1435.77111816	10488.5048828
1436.03662109	10423.4960938
1436.30212402	10522.4960938
1436.56762695	10578.6806641
1436.83325195	10477.0058594
1437.09875488	10442.3066406
1437.36425781	10474.3945313
1437.62976074	10551.7675781
1437.89526367	10542.7460938
1438.16088867	10450.4052734
1438.4263916	10560.2832031
1438.69189453	10513.3955078
1438.95739746	10459.1679688
1439.22302246	10535.8984375
1439.48852539	10573.7236328
1439.75402832	10533.515625
1440.01953125	10529.4199219
1440.28515625	10526.1503906
1440.55065918	10571.4082031
1440.81616211	10545.2041016
1441.08166504	10503.6269531
1441.34716797	10531.9052734
1441.61279297	10553.0712891
1441.8782959	10563.0166016
1442.14379883	10518.3330078
1442.40930176	10521.2177734
1442.67492676	10545.5087891
1442.94042969	10489.9736328
1443.20593262	10494.1357422
1443.47143555	10496.3251953
1443.73706055	10564.9570313
1444.00256348	10610.5839844
1444.26806641	10610.8837891
1444.53356934	10574.7011719
1444.79919434	10533.8330078
1445.06469727	10567.0019531
1445.3302002	10565.2128906
1445.59570313	10532.7431641
1445.86120605	10591.2070313
1446.12683105	10605.5654297
1446.39233398	10580.2412109
1446.65783691	10549.6533203
1446.92333984	10629.9208984
1447.18896484	10650.9638672
1447.45446777	10639.734375
1447.7199707	10672.8652344
1447.98547363	10749.140625
1448.25109863	10671.0839844
1448.51660156	10547.0693359
1448.78210449	10534.3232422
1449.04760742	10632.8916016
1449.31311035	10673.8798828
1449.57873535	10580.7597656
1449.84423828	10615.9052734
1450.10974121	10616.0253906
1450.37524414	10602.1943359
1450.64086914	10630.0859375
1450.90637207	10511.9384766
1451.171875	10572.1210938
1451.43737793	10545.5625
1451.70300293	10575.0556641
1451.96850586	10584.1796875
1452.23400879	10587.9912109
1452.49951172	10647.3798828
1452.76501465	10582.6650391
1453.03063965	10520.2080078
1453.29614258	10524.984375
1453.56164551	10590.5888672
1453.82714844	10572.2597656
1454.09277344	10509.4267578
1454.35827637	10515.6279297
1454.6237793	10614.421875
1454.88928223	10582.2001953
1455.15490723	10569.4003906
1455.42041016	10536.7333984
1455.68591309	10424.1591797
1455.95141602	10524.0693359
1456.21704102	10540.3613281
1456.48254395	10494.4277344
1456.74804688	10422.875
1457.0135498	10437.890625
1457.27905273	10409.9775391
1457.54467773	10382.8476563
1457.81018066	10480.25
1458.07568359	10472.375
1458.34118652	10511.6054688
1458.60681152	10483.5957031
1458.87231445	10487.484375
1459.13781738	10478.2080078
1459.40332031	10498.4335938
1459.66894531	10558.5751953
1459.93444824	10551.1748047
1460.19995117	10596.3496094
1460.4654541	10581.8681641
1460.73095703	10552.2802734
1460.99658203	10538.0087891
1461.26208496	10501.7783203
1461.52758789	10490.7988281
1461.79309082	10487.1738281
1462.05871582	10585.9765625
1462.32421875	10546.9042969
1462.58972168	10590.3476563
1462.85522461	10550.1210938
1463.12084961	10562.5722656
1463.38635254	10610.7861328
1463.65185547	10545.4824219
1463.9173584	10503.7714844
1464.1829834	10506.3232422
1464.44848633	10607.2763672
1464.71398926	10530.1054688
1464.97949219	10558.9541016
1465.24499512	10609.0126953
1465.51062012	10567.8574219
1465.77612305	10559.9345703
1466.04162598	10603.5419922
1466.30712891	10660.3076172
1466.57275391	10649.6826172
1466.83825684	10621.4150391
1467.10375977	10603.1962891
1467.3692627	10602.0800781
1467.6348877	10607.7275391
1467.90039063	10665.5185547
1468.16589355	10650.0957031
1468.43139648	10662.359375
1468.69689941	10678.8818359
1468.96252441	10695.5878906
1469.22802734	10690.8984375
1469.49353027	10704.1601563
1469.7590332	10645.4511719
1470.0246582	10635.4394531
1470.29016113	10728.7636719
1470.55566406	10641.8662109
1470.82116699	10708.2314453
1471.08679199	10800.8994141
1471.35229492	10674.9257813
1471.61779785	10697.3554688
1471.88330078	10802.6289063
1472.14880371	10789.0976563
1472.41442871	10810.2099609
1472.67993164	10753.9814453
1472.94543457	10853.0136719
1473.2109375	10848.4882813
1473.4765625	10709.4628906
1473.74206543	10774.5761719
1474.00756836	10760.8837891
1474.27307129	10740.5244141
1474.53869629	10750.7392578
1474.80419922	10854.8798828
1475.06970215	10850.6328125
1475.33520508	10764.9365234
1475.60083008	10714.25
1475.86633301	10760.0439453
1476.13183594	10752.1083984
1476.39733887	10748.8662109
1476.6628418	10848.2226563
1476.9284668	10763.0869141
1477.19396973	10827.6767578
1477.45947266	10748.3359375
1477.72497559	10759.7617188
1477.99060059	10725.9169922
1478.25610352	10727.9511719
1478.52160645	10780.9736328
1478.78710938	10767.3417969
1479.05273438	10778.9853516
1479.3182373	10810.3447266
1479.58374023	10821.0917969
1479.84924316	10768.2392578
1480.11474609	10777.6894531
1480.38037109	10794.125
1480.64587402	10795.8291016
1480.91137695	10790.4335938
1481.17687988	10815.1074219
1481.44250488	10815.7783203
1481.70800781	10885.5761719
1481.97351074	10855.5722656
1482.23901367	10822.5498047
1482.50463867	10848.1845703
1482.7701416	10851.1894531
1483.03564453	10803.1279297
1483.30114746	10863.8066406
1483.56677246	10813.1396484
1483.83227539	10863.8154297
1484.09777832	10840.7978516
1484.36328125	10879.5458984
1484.62878418	10900.8466797
1484.89440918	10946.4023438
1485.15991211	10913.6669922
1485.42541504	10918.2158203
1485.69091797	10924.7099609
1485.95654297	10983.3056641
1486.2220459	10903.9921875
1486.48754883	11014.4853516
1486.75305176	10883.3349609
1487.01867676	10962.8554688
1487.28417969	10987.7207031
1487.54968262	10976.3164063
1487.81518555	10908.2607422
1488.08068848	10976.1757813
1488.34631348	10921.875
1488.61181641	10964.0664063
1488.87731934	10975.4667969
1489.14282227	10996.0566406
1489.40844727	11031.7890625
1489.6739502	11063.6738281
1489.93945313	11057.8994141
1490.20495605	10965.1787109
1490.47058105	10939.2226563
1490.73608398	11002.3154297
1491.00158691	10979.5302734
1491.26708984	11010.0996094
1491.53271484	11027.4023438
1491.79821777	10983.2382813
1492.0637207	11009.3916016
1492.32922363	10947.4794922
1492.59472656	11098.4902344
1492.86035156	11056.4882813
1493.12585449	11011.9648438
1493.39135742	11090.8134766
1493.65686035	11045.7246094
1493.92248535	10965.5068359
1494.18798828	11089.3916016
1494.45349121	11050.3505859
1494.71899414	11038.4951172
1494.98461914	11049.8994141
1495.25012207	11082.1816406
1495.515625	11015.2792969
1495.78112793	11091.9726563
1496.04663086	11099.7089844
1496.31225586	11060.9541016
1496.57775879	11008.0830078
1496.84326172	11132.6181641
1497.10876465	11161.0224609
1497.37438965	11094.8076172
1497.63989258	11128.3027344
1497.90539551	11202.3037109
1498.17089844	11201.8730469
1498.43652344	11309.9960938
1498.70202637	11166.6328125
1498.9675293	11226.4189453
1499.23303223	11286.4345703
1499.49853516	11193.0078125
1499.76416016	11300.5214844
1500.02966309	11256.5898438
1500.29516602	11227.3447266
1500.56066895	11280.6318359
1500.82629395	11266.8955078
1501.09179688	11265.6035156
1501.3572998	11368.0527344
1501.62280273	11301.2226563
1501.88842773	11299.1240234
1502.15393066	11346.4716797
1502.41943359	11348.1904297
1502.68493652	11454.8115234
1502.95056152	11239.0439453
1503.21606445	11315.9609375
1503.48156738	11334.8496094
1503.74707031	11360.8369141
1504.01257324	11259.8378906
1504.27819824	11343.1142578
1504.54370117	11342.4707031
1504.8092041	11369.0791016
1505.07470703	11457.3398438
1505.34033203	11354.4013672
1505.60583496	11422.1621094
1505.87133789	11423.6425781
1506.13684082	11454.0351563
1506.40246582	11441.234375
1506.66796875	11405.8994141
1506.93347168	11379.3173828
1507.19897461	11430.8164063
1507.46447754	11409.1660156
1507.73010254	11320.2255859
1507.99560547	11491.4794922
1508.2611084	11536.4589844
1508.52661133	11473.1894531
1508.79223633	11406.7314453
1509.05773926	11494.4736328
1509.32324219	11616.4267578
1509.58874512	11474.7880859
1509.85437012	11508.2431641
1510.11987305	11487.1054688
1510.38537598	11451.6933594
1510.65087891	11455.2099609
1510.91650391	11428.6875
1511.18200684	11382.0830078
1511.44750977	11353.5888672
1511.7130127	11495.2880859
1511.97851563	11458.1425781
1512.24414063	11499.53125
1512.50964355	11443.4355469
1512.77514648	11439.6689453
1513.04064941	11467.5390625
1513.30627441	11473.375
1513.57177734	11446.8574219
1513.83728027	11508.3125
1514.1027832	11433.1943359
1514.3684082	11478.1845703
1514.63391113	11391.9414063
1514.89941406	11469.2646484
1515.16491699	11429.6191406
1515.43041992	11495.8769531
1515.69604492	11538.8798828
1515.96154785	11505.9082031
1516.22705078	11526.6865234
1516.49255371	11543.4042969
1516.75817871	11543.5996094
1517.02368164	11567.2324219
1517.28918457	11491.7734375
1517.5546875	11563.2939453
1517.8203125	11548.03125
1518.08581543	11556.1708984
1518.35131836	11517.4560547
1518.61682129	11454.2626953
1518.88232422	11450.5966797
1519.14794922	11514.9169922
1519.41345215	11512.7861328
1519.67895508	11482.1435547
1519.94445801	11530.6337891
1520.21008301	11553.5859375
1520.47558594	11528.3466797
1520.74108887	11554.1289063
1521.0065918	11512.2851563
1521.2722168	11509.3378906
1521.53771973	11567.0087891
1521.80322266	11629.6142578
1522.06872559	11574.0605469
1522.33435059	11564.7216797
1522.59985352	11663.1708984
1522.86535645	11633.4912109
1523.13085938	11574.2900391
1523.3963623	11578.8095703
1523.6619873	11614.0566406
1523.92749023	11683.1445313
1524.19299316	11726.7695313
1524.45849609	11664.2851563
1524.72412109	11669.7626953
1524.98962402	11682.7490234
1525.25512695	11696.4511719
1525.52062988	11727.0576172
1525.78625488	11737.40625
1526.05175781	11780.6201172
1526.31726074	11734.8486328
1526.58276367	11724.2988281
1526.8482666	11742.0273438
1527.1138916	11751.4619141
1527.37939453	11757.5458984
1527.64489746	11727.1835938
1527.91040039	11693.1308594
1528.17602539	11703.6054688
1528.44152832	11679.8046875
1528.70703125	11666.4570313
1528.97253418	11724.9335938
1529.23815918	11783.5253906
1529.50366211	11824.5595703
1529.76916504	11720.3916016
1530.03466797	11698.7558594
1530.30029297	11727.8974609
1530.5657959	11709.3408203
1530.83129883	11755.1337891
1531.09680176	11763.2265625
1531.36230469	11683.2998047
1531.62792969	11774.8261719
1531.89343262	11804.2509766
1532.15893555	11854.5
1532.42443848	11764.3740234
1532.69006348	11753.7441406
1532.95556641	11764.9091797
1533.22106934	11735.6826172
1533.48657227	11719.6181641
1533.75219727	11821.4199219
1534.0177002	11787.8857422
1534.28320313	11762.7695313
1534.54870605	11767.2509766
1534.81420898	11708.8662109
1535.07983398	11786.2519531
1535.34533691	11794.5966797
1535.61083984	11778.3652344
1535.87634277	11757.4287109
1536.14196777	11633.4970703
1536.4074707	11731.4101563
1536.67297363	11804.3105469
1536.93847656	11769.5742188
1537.20410156	11769.6875
1537.46960449	11742.9052734
1537.73510742	11811.0927734
1538.00061035	11868.7158203
1538.26623535	11848.7246094
1538.53173828	11824.4736328
1538.79724121	11881.7773438
1539.06274414	11741.3164063
1539.32824707	11823.8251953
1539.59387207	11857.8740234
1539.859375	11886.0332031
1540.12487793	11931.3759766
1540.39038086	11837.2773438
1540.65600586	11859.9111328
1540.92150879	11895.65625
1541.18701172	11921.6210938
1541.45251465	11954.7099609
1541.71813965	11960.4648438
1541.98364258	11981.5878906
1542.24914551	11887.4736328
1542.51464844	12022.3730469
1542.78015137	11855.8066406
1543.04577637	11986.8095703
1543.3112793	12016.8544922
1543.57678223	11953.4970703
1543.84228516	12021.5224609
1544.10791016	12000.4736328
1544.37341309	11991.5341797
1544.63891602	11995.5634766
1544.90441895	11983.9951172
1545.17004395	11962.2666016
1545.43554688	11964.5244141
1545.7010498	11932.3447266
1545.96655273	11913.7832031
1546.23205566	11942.0966797
1546.49768066	11928.1855469
1546.76318359	11899.6132813
1547.02868652	12003.4492188
1547.29418945	11980.2460938
1547.55981445	11939.9521484
1547.82531738	11995.5732422
1548.09082031	12007.5507813
1548.35632324	12000.6337891
1548.62194824	11972.0576172
1548.88745117	11903.1542969
1549.1529541	11988.0400391
1549.41845703	12015.9462891
1549.68408203	12053.4355469
1549.94958496	12027.4619141
1550.21508789	12035.6230469
1550.48059082	12117.8183594
1550.74609375	12155.2519531
1551.01171875	12133.2568359
1551.27722168	12130.5966797
1551.54272461	12134.5654297
1551.80822754	12095.0527344
1552.07385254	12087.5566406
1552.33935547	12085.8779297
1552.6048584	12058.8417969
1552.87036133	12041.3398438
1553.13598633	12068.3251953
1553.40148926	12160.6699219
1553.66699219	12184.4580078
1553.93249512	12166.9355469
1554.19799805	12210.6728516
1554.46362305	12200.0605469
1554.72912598	12187.1494141
1554.99462891	12196.3691406
1555.26013184	12204.453125
1555.52575684	12236.3583984
1555.79125977	12239.4208984
1556.0567627	12269.8408203
1556.32226563	12265.2490234
1556.58789063	12253.1181641
1556.85339355	12302.7734375
1557.11889648	12310.6435547
1557.38439941	12349.7753906
1557.65002441	12325.1171875
1557.91552734	12228.7285156
1558.18103027	12367.9824219
1558.4465332	12410.6689453
1558.71203613	12350.8232422
1558.97766113	12299.8691406
1559.24316406	12335.9970703
1559.50866699	12433.4101563
1559.77416992	12500.0576172
1560.03979492	12401.3349609
1560.30529785	12439.2236328
1560.57080078	12443.3447266
1560.83630371	12461.8632813
1561.10192871	12410.7148438
1561.36743164	12496.7412109
1561.63293457	12383.2880859
1561.8984375	12535.5673828
1562.16394043	12494.0439453
1562.42956543	12577.5332031
1562.69506836	12654.59375
1562.96057129	12537.7216797
1563.22607422	12638.9638672
1563.49169922	12633.2734375
1563.75720215	12631.1738281
1564.02270508	12807.0029297
1564.28820801	12708.3740234
1564.55383301	12709.6982422
1564.81933594	12607.8222656
1565.08483887	12781.7001953
1565.3503418	12774.5849609
1565.6159668	12865.5429688
1565.88146973	12924.0136719
1566.14697266	12913.9072266
1566.41247559	12940.6572266
1566.67797852	12986.2324219
1566.94360352	13123.8291016
1567.20910645	13016.1855469
1567.47460938	13057.0595703
1567.7401123	13223.9804688
1568.0057373	13388.2314453
1568.27124023	13454.265625
1568.53674316	13354.7822266
1568.80224609	13402.2744141
1569.06787109	13419.3769531
1569.33337402	13577.0380859
1569.59887695	13595.1796875
1569.86437988	13655.0546875
1570.12988281	13700.5058594
1570.39550781	13693.0029297
1570.66101074	13808.9208984
1570.92651367	13869.5332031
1571.1920166	13833.8105469
1571.4576416	13898.9638672
1571.72314453	13899.9775391
1571.98864746	13910.8476563
1572.25415039	13911.53125
1572.51977539	13854.5253906
1572.78527832	13838.3203125
1573.05078125	13914.2900391
1573.31628418	13847.9697266
1573.58178711	13804.6494141
1573.84741211	13743.8574219
1574.11291504	13745.2158203
1574.37841797	13711.8154297
1574.6439209	13612.0742188
1574.9095459	13540.4707031
1575.17504883	13538.2460938
1575.44055176	13534.7070313
1575.70605469	13463.1787109
1575.97167969	13464.3066406
1576.23718262	13310.9648438
1576.50268555	13317.0751953
1576.76818848	13295.8427734
1577.03381348	13213.5244141
1577.29931641	13188.6054688
1577.56481934	13186.8720703
1577.83032227	13226.7783203
1578.0958252	13153.8310547
1578.3614502	13137.9511719
1578.62695313	13023.2001953
1578.89245605	13050.0908203
1579.15795898	13000.921875
1579.42358398	13005.3837891
1579.68908691	13034.2607422
1579.95458984	12943.6162109
1580.22009277	12944.5322266
1580.48571777	12984.8779297
1580.7512207	12872.8496094
1581.01672363	12790.9951172
1581.28222656	12931.7929688
1581.54772949	12792.3525391
1581.81335449	12832.6943359
1582.07885742	12810.2744141
1582.34436035	12865.0292969
1582.60986328	12770.3945313
1582.87548828	12789.7363281
1583.14099121	12812.7832031
1583.40649414	12859.3876953
1583.67199707	12833.6386719
1583.93762207	12838.5761719
1584.203125	12876.4140625
1584.46862793	12852.4326172
1584.73413086	12789.5878906
1584.99975586	12801.4023438
1585.26525879	12808.8916016
1585.53076172	12855.2265625
1585.79626465	12798.4296875
1586.06176758	12733.5117188
1586.32739258	12770.3564453
1586.59289551	12756.3554688
1586.85839844	12750.8574219
1587.12390137	12770.7685547
1587.38952637	12713.1796875
1587.6550293	12617.1367188
1587.92053223	12638.2802734
1588.18603516	12641.8603516
1588.45166016	12631.5820313
1588.71716309	12568.0585938
1588.98266602	12545.5878906
1589.24816895	12551.9267578
1589.51367188	12495.4580078
1589.77929688	12592.7451172
1590.0447998	12577.2480469
1590.31030273	12445.3486328
1590.57580566	12530.828125
1590.84143066	12436.0068359
1591.10693359	12457.8935547
1591.37243652	12547.390625
1591.63793945	12382.9775391
1591.90356445	12475.6494141
1592.16906738	12283.359375
1592.43457031	12310.0556641
1592.70007324	12335.5244141
1592.96557617	12389.4453125
1593.23120117	12254.2753906
1593.4967041	12361.1962891
1593.76220703	12249.7685547
1594.02770996	12354.5820313
1594.29333496	12276.1191406
1594.55883789	12212.8740234
1594.82434082	12319.1435547
1595.08984375	12226.2548828
1595.35546875	12178.4921875
1595.62097168	12173.0654297
1595.88647461	12082.0136719
1596.15197754	12091.8945313
1596.41760254	12133.4951172
1596.68310547	12139.3125
1596.9486084	12109.5664063
1597.21411133	12165.9140625
1597.47961426	12099.4003906
1597.74523926	12084.8554688
1598.01074219	12034.7216797
1598.27624512	12005.7255859
1598.54174805	11950.796875
1598.80737305	12007.4238281
1599.07287598	12053.3867188
1599.33837891	12013.4726563
1599.60388184	12001.4453125
1599.86950684	12000.9951172
1600.13500977	11970.1083984
1600.4005127	11963.2880859
1600.66601563	11931.5087891
1600.93151855	11882.5654297
1601.19714355	11850.4638672
1601.46264648	11844.9160156
1601.72814941	11799.3984375
1601.99365234	11835.0810547
1602.25927734	11777.625
1602.52478027	11720.4208984
1602.7902832	11770.7333984
1603.05578613	11707.4033203
1603.32141113	11674.2373047
1603.58691406	11675.1513672
1603.85241699	11669.0302734
1604.11791992	11521.7265625
1604.38354492	11590.4765625
1604.64904785	11597.1640625
1604.91455078	11434.1337891
1605.18005371	11472.0820313
1605.44555664	11511.9912109
1605.71118164	11466.2617188
1605.97668457	11473.0615234
1606.2421875	11460.2070313
1606.50769043	11453.8476563
1606.77331543	11440.6630859
1607.03881836	11435.3144531
1607.30432129	11472.1552734
1607.56982422	11365.4511719
1607.83544922	11399.7832031
1608.10095215	11344.0244141
1608.36645508	11340.3710938
1608.63195801	11351.0693359
1608.89746094	11361.6279297
1609.16308594	11391.1162109
1609.42858887	11408.5283203
1609.6940918	11334.9794922
1609.95959473	11248.7626953
1610.22521973	11378.6503906
1610.49072266	11371.8701172
1610.75622559	11324.0576172
1611.02172852	11318.6601563
1611.28735352	11235.5341797
1611.55285645	11264.8720703
1611.81835938	11288.9521484
1612.0838623	11355.828125
1612.3494873	11405.1347656
1612.61499023	11296.9111328
1612.88049316	11292.9931641
1613.14599609	11231.1191406
1613.41149902	11182.7480469
1613.67712402	11203.5283203
1613.94262695	11178.8515625
1614.20812988	11223.4306641
1614.47363281	11170.7626953
1614.73925781	11211.4208984
1615.00476074	11133.5429688
1615.27026367	11066.2265625
1615.5357666	11087.3466797
1615.8013916	11028.2070313
1616.06689453	11115.9570313
1616.33239746	10972.4677734
1616.59790039	11046.4394531
1616.86340332	10973.0068359
1617.12902832	10889.6835938
1617.39453125	10927.7421875
1617.66003418	10903.1640625
1617.92553711	10781.484375
1618.19116211	10805.2148438
1618.45666504	10846.7841797
1618.72216797	10739.2402344
1618.9876709	10825.3515625
1619.2532959	10797.7548828
1619.51879883	10756.7841797
1619.78430176	10786.9355469
1620.04980469	10784.5751953
1620.31530762	10756.2167969
1620.58093262	10684.2236328
1620.84643555	10686.3867188
1621.11193848	10697.1796875
1621.37744141	10694.0693359
1621.64306641	10651.7744141
1621.90856934	10644.4492188
1622.17407227	10644.1992188
1622.4395752	10622.9736328
1622.7052002	10619.0927734
1622.97070313	10578.390625
1623.23620605	10544.1953125
1623.50170898	10615.8261719
1623.76733398	10575.5253906
1624.03283691	10544.6787109
1624.29833984	10505.7949219
1624.56384277	10422.65625
1624.8293457	10466.1708984
1625.0949707	10464.7597656
1625.36047363	10362.8183594
1625.62597656	10443.5947266
1625.89147949	10440.5068359
1626.15710449	10395.4863281
1626.42260742	10399.1103516
1626.68811035	10344.1806641
1626.95361328	10315.8828125
1627.21923828	10453.3623047
1627.48474121	10334.7470703
1627.75024414	10258.6416016
1628.01574707	10297.5478516
1628.28125	10133.4970703
1628.546875	10207.7490234
1628.81237793	10229.0742188
1629.07788086	10250.640625
1629.34338379	10184.9091797
1629.60900879	10163.9931641
1629.87451172	10109.6738281
1630.14001465	10164.0224609
1630.40551758	10091.6191406
1630.67114258	10051.1640625
1630.93664551	10079.2841797
1631.20214844	10106.15625
1631.46765137	10062.9013672
1631.73327637	9977.93554688
1631.9987793	9979.3359375
1632.26428223	9964.35449219
1632.52978516	9913.35449219
1632.79528809	9881.55371094
1633.06091309	9928.36035156
1633.32641602	9879.96679688
1633.59191895	9919.22460938
1633.85742188	9889.875
1634.12304688	9856.58007813
1634.3885498	9924.61132813
1634.65405273	9823.92285156
1634.91955566	9855.2109375
1635.18518066	9837.45410156
1635.45068359	9833.8359375
1635.71618652	9813.39550781
1635.98168945	9723.76660156
1636.24719238	9721.76074219
1636.51281738	9774.00097656
1636.77832031	9670.18164063
1637.04382324	9780.82226563
1637.30932617	9697.11035156
1637.57495117	9714.91992188
1637.8404541	9714.90527344
1638.10595703	9670.48046875
1638.37145996	9623.06445313
1638.63708496	9657.42675781
1638.90258789	9627.71289063
1639.16809082	9632.78808594
1639.43359375	9576.640625
1639.69909668	9642.23339844
1639.96472168	9479.63085938
1640.23022461	9531.76464844
1640.49572754	9540.25390625
1640.76123047	9517.52148438
1641.02685547	9482.81054688
1641.2923584	9481.92773438
1641.55786133	9482.2578125
1641.82336426	9426.11328125
1642.08898926	9402.76269531
1642.35449219	9404.19433594
1642.61999512	9362.21679688
1642.88549805	9318.47460938
1643.15112305	9385.890625
1643.41662598	9360.16894531
1643.68212891	9379.61230469
1643.94763184	9366.7265625
1644.21313477	9367.04785156
1644.47875977	9234.19238281
1644.7442627	9250.73535156
1645.00976563	9252.68164063
1645.27526855	9148.5703125
1645.54089355	9155.56152344
1645.80639648	9181.99121094
1646.07189941	9098.71875
1646.33740234	9142.58300781
1646.60302734	9136.43261719
1646.86853027	9191.32421875
1647.1340332	9143.08691406
1647.39953613	9115.0625
1647.66503906	9109.39160156
1647.93066406	9094.34863281
1648.19616699	9055.99902344
1648.46166992	9052.65234375
1648.72717285	9110.44238281
1648.99279785	9070.56835938
1649.25830078	9084.85253906
1649.52380371	9092.04199219
1649.78930664	9014.06542969
1650.05493164	8988.16894531
1650.32043457	8964.31152344
1650.5859375	8947.06347656
1650.85144043	8942.62988281
1651.11706543	8930.29296875
1651.38256836	8941.92773438
1651.64807129	9027.7890625
1651.91357422	9021.09082031
1652.17907715	9046.50683594
1652.44470215	8967.35742188
1652.71020508	9003.24316406
1652.97570801	8898.06347656
1653.24121094	8882.24023438
1653.50683594	8982.36328125
1653.77233887	8987.75878906
1654.0378418	8952.27148438
1654.30334473	8828.09570313
1654.56896973	8893.00292969
1654.83447266	8857.13867188
1655.09997559	8833.74707031
1655.36547852	8866.93261719
1655.63098145	8829.10449219
1655.89660645	8807.03613281
1656.16210938	8749
1656.4276123	8751.62792969
1656.69311523	8781.27734375
1656.95874023	8756.2421875
1657.22424316	8760.63085938
1657.48974609	8718.703125
1657.75524902	8702.43554688
1658.02087402	8706.51855469
1658.28637695	8661.38867188
1658.55187988	8659.33007813
1658.81738281	8653.5390625
1659.08300781	8567.17871094
1659.34851074	8591.21679688
1659.61401367	8622.38671875
1659.8795166	8626.20996094
1660.14501953	8631.07226563
1660.41064453	8564.625
1660.67614746	8526.87304688
1660.94165039	8466.05859375
1661.20715332	8539.87109375
1661.47277832	8565.08007813
1661.73828125	8495.96191406
1662.00378418	8441.7109375
1662.26928711	8572.07324219
1662.53491211	8523.22070313
1662.80041504	8529.8046875
1663.06591797	8404.22265625
1663.3314209	8466.37988281
1663.59692383	8423.05078125
1663.86254883	8366.50195313
1664.12805176	8408.43554688
1664.39355469	8451.36816406
1664.65905762	8451.26757813
1664.92468262	8438.203125
1665.19018555	8431.85546875
1665.45568848	8432.70898438
1665.72119141	8430.90039063
1665.98681641	8407.87402344
1666.25231934	8397.0078125
1666.51782227	8464.3828125
1666.7833252	8413.38378906
1667.04882813	8362.27539063
1667.31445313	8405.42285156
1667.57995605	8388.38964844
1667.84545898	8356.76464844
1668.11096191	8315.15917969
1668.37658691	8381.6328125
1668.64208984	8341.33398438
1668.90759277	8363.80175781
1669.1730957	8370.02929688
1669.4387207	8380.21386719
1669.70422363	8377.859375
1669.96972656	8316.96875
1670.23522949	8321.15625
1670.50085449	8298.68652344
1670.76635742	8334.41308594
1671.03186035	8305.65722656
1671.29736328	8290.28515625
1671.56286621	8217.66894531
1671.82849121	8192.55761719
1672.09399414	8230.40527344
1672.35949707	8272.01464844
1672.625	8232.46582031
1672.890625	8211.17675781
1673.15612793	8164.453125
1673.42163086	8179.80517578
1673.68713379	8140.42529297
1673.95275879	8226.03125
1674.21826172	8236.33691406
1674.48376465	8158.07958984
1674.74926758	8162.42773438
1675.01477051	8147.65722656
1675.28039551	8129.15869141
1675.54589844	8088.02294922
1675.81140137	8181.05517578
1676.0769043	8094.29736328
1676.3425293	8080.17773438
1676.60803223	8096.55615234
1676.87353516	8080.88134766
1677.13903809	8084.66943359
1677.40466309	8094.14306641
1677.67016602	8013.60742188
1677.93566895	8018.70751953
1678.20117188	8116.04394531
1678.46679688	8050.51318359
1678.7322998	8080.86816406
1678.99780273	8103.70605469
1679.26330566	8091.47363281
1679.52880859	8090.51611328
1679.79443359	8116.41064453
1680.05993652	8073.59960938
1680.32543945	8053.19775391
1680.59094238	8102.46337891
1680.85656738	8108.62353516
1681.12207031	8053.99072266
1681.38757324	8048.29248047
1681.65307617	8052.13378906
1681.91870117	8037.68945313
1682.1842041	8027.34130859
1682.44970703	7991.66796875
1682.71520996	8031.13232422
1682.98071289	8008.58642578
1683.24633789	7969.28466797
1683.51184082	8026.49169922
1683.77734375	8049.65136719
1684.04284668	8041.79785156
1684.30847168	7957.08398438
1684.57397461	8009.03564453
1684.83947754	8007.87988281
1685.10498047	7990.34472656
1685.37060547	7983.2578125
1685.6361084	7963.83544922
1685.90161133	7982.09130859
1686.16711426	7892.57910156
1686.43261719	7926.11865234
1686.69824219	7889.13916016
1686.96374512	7868.13037109
1687.22924805	7917.36132813
1687.49475098	7874.63818359
1687.76037598	7848.93261719
1688.02587891	7905.37353516
1688.29138184	7929.71142578
1688.55688477	7885.28125
1688.82250977	7867.88720703
1689.0880127	7870.87207031
1689.35351563	7919.32666016
1689.61901855	7839.02197266
1689.88464355	7894.51611328
1690.15014648	7853.28613281
1690.41564941	7864.31787109
1690.68115234	7903.91113281
1690.94665527	7831.16113281
1691.21228027	7882.37255859
1691.4777832	7807.25732422
1691.74328613	7915.71142578
1692.00878906	7872.5625
1692.27441406	7844.64257813
1692.53991699	7805.50341797
1692.80541992	7797.38867188
1693.07092285	7792.07373047
1693.33654785	7824.28173828
1693.60205078	7831.32177734
1693.86755371	7868.12060547
1694.13305664	7775.09765625
1694.39855957	7827.65234375
1694.66418457	7808.85839844
1694.9296875	7743.38769531
1695.19519043	7746.57763672
1695.46069336	7804.22265625
1695.72631836	7817.83496094
1695.99182129	7786.05810547
1696.25732422	7814.5
1696.52282715	7781.23730469
1696.78845215	7810.90332031
1697.05395508	7800.17333984
1697.31945801	7760.18164063
1697.58496094	7774.72070313
1697.85058594	7730.24365234
1698.11608887	7782.92529297
1698.3815918	7779.10644531
1698.64709473	7728.66455078
1698.91259766	7826.86767578
1699.17822266	7768.62109375
1699.44372559	7689.10449219
1699.70922852	7764.43798828
1699.97473145	7715.63720703
1700.24035645	7743.87207031
1700.50585938	7738.24511719
1700.7713623	7726.5390625
1701.03686523	7752.25683594
1701.30249023	7738.44824219
1701.56799316	7707.33251953
1701.83349609	7727.39648438
1702.09899902	7702.53710938
1702.36450195	7704.32226563
1702.63012695	7721.72558594
1702.89562988	7684.53515625
1703.16113281	7647.00488281
1703.42663574	7659.42871094
1703.69226074	7664.87207031
1703.95776367	7653.1015625
1704.2232666	7618.20263672
1704.48876953	7710.49755859
1704.75439453	7721.15380859
1705.01989746	7629.13769531
1705.28540039	7720.92871094
1705.55090332	7766.94824219
1705.81652832	7721.13134766
1706.08203125	7702.65332031
1706.34753418	7743.62011719
1706.61303711	7729.61035156
1706.87854004	7676.95800781
1707.14416504	7691.80810547
1707.40966797	7660.12744141
1707.6751709	7663.03613281
1707.94067383	7712.13867188
1708.20629883	7717.62451172
1708.47180176	7723.77685547
1708.73730469	7652.02392578
1709.00280762	7654.79248047
1709.26843262	7662.88623047
1709.53393555	7591.30175781
1709.79943848	7680.32519531
1710.06494141	7631.35253906
1710.33044434	7646.19482422
1710.59606934	7650.20556641
1710.86157227	7603.59570313
1711.1270752	7619.67236328
1711.39257813	7603.29296875
1711.65820313	7585.39306641
1711.92370605	7620.65087891
1712.18920898	7619.03320313
1712.45471191	7552.02148438
1712.72033691	7558.71386719
1712.98583984	7524.90625
1713.25134277	7589.84570313
1713.5168457	7538.69628906
1713.78234863	7541.37353516
1714.04797363	7558.13671875
1714.31347656	7504.08837891
1714.57897949	7477.07763672
1714.84448242	7471.81201172
1715.11010742	7549.19189453
1715.37561035	7468.54199219
1715.64111328	7472.16162109
1715.90661621	7481.89990234
1716.17224121	7415.67333984
1716.43774414	7504.25878906
1716.70324707	7515.06933594
1716.96875	7498.73144531
1717.234375	7407.17724609
1717.49987793	7461.81054688
1717.76538086	7487.98925781
1718.03088379	7459.15625
1718.29638672	7476.65478516
1718.56201172	7429.34765625
1718.82751465	7437.61816406
1719.09301758	7474.26904297
1719.35852051	7459.90478516
1719.62414551	7433.24707031
1719.88964844	7460.08007813
1720.15515137	7434.38623047
1720.4206543	7440.99023438
1720.6862793	7446.85107422
1720.95178223	7461.02441406
1721.21728516	7418.84472656
1721.48278809	7472.95361328
1721.74829102	7528.78613281
1722.01391602	7464.50244141
1722.27941895	7447.47119141
1722.54492188	7520.84814453
1722.8104248	7504.80126953
1723.0760498	7474.265625
1723.34155273	7487.25634766
1723.60705566	7457.48144531
1723.87255859	7420.90527344
1724.13818359	7420.89599609
1724.40368652	7423.30126953
1724.66918945	7521.72412109
1724.93469238	7503.10253906
1725.20031738	7460.97265625
1725.46582031	7441.41308594
1725.73132324	7450.64794922
1725.99682617	7439.29101563
1726.2623291	7401.32275391
1726.5279541	7400.25341797
1726.79345703	7410.53710938
1727.05895996	7431.63769531
1727.32446289	7414.44140625
1727.59008789	7371.15625
1727.85559082	7320.02392578
1728.12109375	7354.45117188
1728.38659668	7411.05126953
1728.65222168	7455.5234375
1728.91772461	7342.55810547
1729.18322754	7362.48828125
1729.44873047	7395.45166016
1729.7142334	7391.93896484
1729.9798584	7380.81542969
1730.24536133	7354.18945313
1730.51086426	7400.03710938
1730.77636719	7435.86230469
1731.04199219	7369.31689453
1731.30749512	7306.95751953
1731.57299805	7400.95166016
1731.83850098	7370.69287109
1732.10412598	7344.49609375
1732.36962891	7376.58251953
1732.63513184	7395.73486328
1732.90063477	7417.37402344
1733.1661377	7436.59082031
1733.4317627	7457.01416016
1733.69726563	7417.25341797
1733.96276855	7389.47753906
1734.22827148	7385.60253906
1734.49389648	7357.68212891
1734.75939941	7411.70410156
1735.02490234	7299.02099609
1735.29040527	7326.37548828
1735.55603027	7358.1484375
1735.8215332	7378.79541016
1736.08703613	7371.296875
1736.35253906	7389.60791016
1736.61816406	7354.15234375
1736.88366699	7339.57714844
1737.14916992	7310.41113281
1737.41467285	7294.13183594
1737.68017578	7313.17089844
1737.94580078	7397.80712891
1738.21130371	7314.39306641
1738.47680664	7330.93603516
1738.74230957	7387.42138672
1739.00793457	7304.47607422
1739.2734375	7297.70019531
1739.53894043	7306.33935547
1739.80444336	7331.109375
1740.07006836	7259.12060547
1740.33557129	7343.35888672
1740.60107422	7305.9296875
1740.86657715	7376.9453125
1741.13208008	7368.50097656
1741.39770508	7321.80126953
1741.66320801	7264.15771484
1741.92871094	7272.15380859
1742.19421387	7240.33349609
1742.45983887	7239.19433594
1742.7253418	7250.98974609
1742.99084473	7245.70507813
1743.25634766	7205.26367188
1743.52197266	7211.28955078
1743.78747559	7222.20556641
1744.05297852	7169.73193359
1744.31848145	7213.68847656
1744.58410645	7194.59033203
1744.84960938	7220.51611328
1745.1151123	7178.80419922
1745.38061523	7185.5234375
1745.64611816	7221.20117188
1745.91174316	7235.35205078
1746.17724609	7204.55371094
1746.44274902	7173.58984375
1746.70825195	7183.54345703
1746.97387695	7202.93701172
1747.23937988	7231.60302734
1747.50488281	7207.36328125
1747.77038574	7235.47412109
1748.03601074	7273.32373047
1748.30151367	7228.13037109
1748.5670166	7199.64794922
1748.83251953	7142.28173828
1749.09802246	7185.51660156
1749.36364746	7183.64990234
1749.62915039	7128.28515625
1749.89465332	7227.78222656
1750.16015625	7209.73779297
1750.42578125	7302.12304688
1750.69128418	7167.00585938
1750.95678711	7226.71289063
1751.22229004	7214.05322266
1751.48791504	7218.3984375
1751.75341797	7234.68359375
1752.0189209	7224.31542969
1752.28442383	7199.40087891
1752.55004883	7222.57714844
1752.81555176	7213.88623047
1753.08105469	7230.13818359
1753.34655762	7212.83642578
1753.61206055	7163.49072266
1753.87768555	7248.27587891
1754.14318848	7207.25537109
1754.40869141	7139.26464844
1754.67419434	7212.90722656
1754.93981934	7105.57910156
1755.20532227	7241.23974609
1755.4708252	7218.30957031
1755.73632813	7165.18457031
1756.00195313	7215.14892578
1756.26745605	7158.90332031
1756.53295898	7135.27636719
1756.79846191	7174.61181641
1757.06396484	7205.06054688
1757.32958984	7153.65527344
1757.59509277	7148.24121094
1757.8605957	7192.26953125
1758.12609863	7184.05957031
1758.39172363	7186.70068359
1758.65722656	7213.47509766
1758.92272949	7188.36376953
1759.18823242	7171.09423828
1759.45385742	7152.40380859
1759.71936035	7135.18896484
1759.98486328	7133.39355469
1760.25036621	7135.35888672
1760.51586914	7240.02880859
1760.78149414	7207.87353516
1761.04699707	7182.34179688
1761.3125	7165.95898438
1761.57800293	7171.96777344
1761.84362793	7206.09326172
1762.10913086	7170.51025391
1762.37463379	7107.65429688
1762.64013672	7142.10644531
1762.90576172	7198.00927734
1763.17126465	7206.65087891
1763.43676758	7164.10839844
1763.70227051	7123.1328125
1763.96789551	7209.08398438
1764.23339844	7132.62207031
1764.49890137	7173.28613281
1764.7644043	7253.51318359
1765.02990723	7165.29199219
1765.29553223	7171.94140625
1765.56103516	7179.73632813
1765.82653809	7198.25488281
1766.09204102	7110.02050781
1766.35766602	7153.08886719
1766.62316895	7164.06738281
1766.88867188	7160.01074219
1767.1541748	7270.82226563
1767.4197998	7148.47607422
1767.68530273	7203.4375
1767.95080566	7125.72412109
1768.21630859	7133.59912109
1768.48181152	7177.81152344
1768.74743652	7188.65576172
1769.01293945	7206.47851563
1769.27844238	7162.16552734
1769.54394531	7141.74511719
1769.80957031	7225.48779297
1770.07507324	7245.95068359
1770.34057617	7156.84179688
1770.6060791	7154.00146484
1770.8717041	7198.76171875
1771.13720703	7194.11962891
1771.40270996	7193.58886719
1771.66821289	7161.70117188
1771.93383789	7170.27294922
1772.19934082	7199.89160156
1772.46484375	7175.75878906
1772.73034668	7181.24462891
1772.99584961	7202.35693359
1773.26147461	7186.71240234
1773.52697754	7193.65527344
1773.79248047	7217.04296875
1774.0579834	7245.29736328
1774.3236084	7323.04101563
1774.58911133	7228.8984375
1774.85461426	7203.79541016
1775.12011719	7173.51269531
1775.38574219	7264.53222656
1775.65124512	7189.67041016
1775.91674805	7219.36669922
1776.18225098	7265.18603516
1776.44775391	7286.2734375
1776.71337891	7253.91259766
1776.97888184	7268.22460938
1777.24438477	7235.28125
1777.5098877	7199.45996094
1777.7755127	7251.00634766
1778.04101563	7209.34326172
1778.30651855	7171.94775391
1778.57202148	7190.2734375
1778.83764648	7200.73486328
1779.10314941	7199.43115234
1779.36865234	7205.55126953
1779.63415527	7183.31787109
1779.8996582	7172.98876953
1780.1652832	7156.58056641
1780.43078613	7141.98583984
1780.69628906	7195.23388672
1780.96179199	7183.32617188
1781.22741699	7141.08398438
1781.49291992	7134.16699219
1781.75842285	7162.11474609
1782.02392578	7120.10302734
1782.28955078	7114.19238281
1782.55505371	7185.3203125
1782.82055664	7149.75683594
1783.08605957	7066.23095703
1783.35168457	7119.71191406
1783.6171875	7143.02929688
1783.88269043	7083.19482422
1784.14819336	7105.45507813
1784.41369629	7110.15771484
1784.67932129	7185.93115234
1784.94482422	7132.64892578
1785.21032715	7169.74267578
1785.47583008	7226.21582031
1785.74145508	7184.99414063
1786.00695801	7055.17431641
1786.27246094	7056.28662109
1786.53796387	7088.61083984
1786.80358887	7095.07519531
1787.0690918	7131.77880859
1787.33459473	7056.38671875
1787.60009766	7090.43896484
1787.86560059	7107.85546875
1788.13122559	7102.29052734
1788.39672852	7110.43652344
1788.66223145	7142.14306641
1788.92773438	7186.7265625
1789.19335938	7106.18701172
1789.4588623	7038.53320313
1789.72436523	7160.15917969
1789.98986816	7126.12451172
1790.25549316	7118.03564453
1790.52099609	7133.95898438
1790.78649902	7079.89501953
1791.05200195	7096.08447266
1791.31762695	7131.84375
1791.58312988	7115.68261719
1791.84863281	7043.86035156
1792.11413574	7092.77636719
1792.37963867	7180.08007813
1792.64526367	7095.80908203
1792.9107666	7141.88183594
1793.17626953	7106.07128906
1793.44177246	7079.89697266
1793.70739746	7137.83789063
1793.97290039	7154.38818359
1794.23840332	7133.44580078
1794.50390625	7064.3125
1794.76953125	7065.80371094
1795.03503418	7031.90332031
1795.30053711	7042.41455078
1795.56604004	7071.109375
1795.83154297	7076.19775391
1796.09716797	7084.51416016
1796.3626709	7071.75537109
1796.62817383	7064.60791016
1796.89367676	7062.13378906
1797.15930176	7080.77685547
1797.42480469	7107.36621094
1797.69030762	7075.27880859
1797.95581055	7033.70166016
1798.22143555	7085.09326172
1798.48693848	7061.47851563
1798.75244141	7031.93310547
1799.01794434	7115.96191406
1799.28356934	7081.32714844
1799.54907227	7061.02734375
1799.8145752	7066.57568359
1800.08007813	7107.14306641
1800.34558105	7079.51660156
1800.61120605	7083.88867188
1800.87670898	7057.83691406
1801.14221191	7042.61035156
1801.40771484	7031.0625
1801.67333984	7047.48779297
1801.93884277	7033.40625
1802.2043457	7065.17529297
1802.46984863	7123.40527344
1802.73547363	7060.53027344
1803.00097656	7043.87158203
1803.26647949	7108.73876953
1803.53198242	7082.20751953
1803.79748535	7032.69482422
1804.06311035	7058.63769531
1804.32861328	7043.16113281
1804.59411621	7047.6171875
1804.85961914	7026.56054688
1805.12524414	7024.40380859
1805.39074707	6970.79931641
1805.65625	7001.78710938
1805.92175293	7050.20068359
1806.18737793	7005.81591797
1806.45288086	7072.63574219
1806.71838379	6987.57226563
1806.98388672	7052.06835938
1807.24938965	7046.28808594
1807.51501465	7047.40429688
1807.78051758	6977.97412109
1808.04602051	7021.49121094
1808.31152344	7086.46289063
1808.57714844	7046.03027344
1808.84265137	6997.84912109
1809.1081543	7008.92871094
1809.37365723	7003.88037109
1809.63928223	6986.02441406
1809.90478516	6955.04345703
1810.17028809	7046.15820313
1810.43579102	6984
1810.70141602	7019.62011719
1810.96691895	6973.68066406
1811.23242188	6994.93115234
1811.4979248	6991.4609375
1811.76342773	7033.71777344
1812.02905273	6991.38916016
1812.29455566	6934.39355469
1812.56005859	6983.53564453
1812.82556152	6961.16210938
1813.09118652	6912.56494141
1813.35668945	6963.17333984
1813.62219238	6945.01464844
1813.88769531	6921.46337891
1814.15332031	6909.14648438
1814.41882324	6939.86328125
1814.68432617	7001.65966797
1814.9498291	6893.16210938
1815.21533203	6998.91992188
1815.48095703	6997.15234375
1815.74645996	6973.56982422
1816.01196289	6946.28857422
1816.27746582	6959.86474609
1816.54309082	6936.60400391
1816.80859375	6955.66845703
1817.07409668	6952.69238281
1817.33959961	6940.77783203
1817.60522461	6917.88183594
1817.87072754	6933.41064453
1818.13623047	6929.10595703
1818.4017334	6868.26025391
1818.6673584	6948.89355469
1818.93286133	6904.71289063
1819.19836426	6893.17578125
1819.46386719	6904.171875
1819.72937012	6909.78515625
1819.99499512	6990.01855469
1820.26049805	6915.24121094
1820.52600098	6862.00048828
1820.79150391	6946.22070313
1821.05712891	6937.67236328
1821.32263184	6909.30615234
1821.58813477	6885.19091797
1821.8536377	6886.18701172
1822.1192627	6884.4609375
1822.38476563	6841.70019531
1822.65026855	6846.38476563
1822.91577148	6915.66943359
1823.18127441	6899.29150391
1823.44689941	6831.56152344
1823.71240234	6909.61914063
1823.97790527	6827.66503906
1824.2434082	6821.44970703
1824.5090332	6822.14257813
1824.77453613	6878.08496094
1825.04003906	6878.29931641
1825.30554199	6820.51025391
1825.57116699	6838.37402344
1825.83666992	6845.97607422
1826.10217285	6840.22216797
1826.36767578	6835.82714844
1826.63317871	6839.05371094
1826.89880371	6828.58544922
1827.16430664	6807.09570313
1827.42980957	6861.05078125
1827.6953125	6800.77392578
1827.9609375	6802.24707031
1828.22644043	6835.42041016
1828.49194336	6819.36621094
1828.75744629	6846.29394531
1829.02307129	6853.70361328
1829.28857422	6824.23779297
1829.55407715	6785.9765625
1829.81958008	6781.39111328
1830.08520508	6836.61474609
1830.35070801	6873.41992188
1830.61621094	6861.50585938
1830.88171387	6808.32910156
1831.1472168	6810.40283203
1831.4128418	6840.01513672
1831.67834473	6872.296875
1831.94384766	6883.85644531
1832.20935059	6826.74023438
1832.47497559	6833.30957031
1832.74047852	6826.28271484
1833.00598145	6820.23046875
1833.27148438	6845.31054688
1833.53710938	6855.21630859
1833.8026123	6834.83447266
1834.06811523	6836.95898438
1834.33361816	6859.71386719
1834.59912109	6816.15771484
1834.86474609	6800.546875
1835.13024902	6836.38623047
1835.39575195	6838.58642578
1835.66125488	6786.54296875
1835.92687988	6736.95458984
1836.19238281	6801.06787109
1836.45788574	6809.55224609
1836.72338867	6828.90722656
1836.98901367	6811.74462891
1837.2545166	6748.85595703
1837.52001953	6755.46386719
1837.78552246	6754.38037109
1838.05114746	6713.29394531
1838.31665039	6747.359375
1838.58215332	6711.16894531
1838.84765625	6638.53955078
1839.11315918	6759.23291016
1839.37878418	6753.55175781
1839.64428711	6765.58691406
1839.90979004	6736.14794922
1840.17529297	6764.74462891
1840.44091797	6737.97607422
1840.7064209	6696.13183594
1840.97192383	6697.63330078
1841.23742676	6692.11132813
1841.50305176	6679.42871094
1841.76855469	6721.48535156
1842.03405762	6748.81640625
1842.29956055	6706.48144531
1842.56506348	6763.67431641
1842.83068848	6746.70117188
1843.09619141	6772.65136719
1843.36169434	6822.46191406
1843.62719727	6735.42138672
1843.89282227	6752.85595703
1844.1583252	6780.77734375
1844.42382813	6780.95019531
1844.68933105	6790.40527344
1844.95495605	6825.45947266
1845.22045898	6787.29199219
1845.48596191	6737.83691406
1845.75146484	6815.79882813
1846.01708984	6768.61669922
1846.28259277	6648.68652344
1846.5480957	6781.40966797
1846.81359863	6695.00732422
1847.07910156	6738.39599609
1847.34472656	6740.54150391
1847.61022949	6726.63818359
1847.87573242	6711.19042969
1848.14123535	6736.35693359
1848.40686035	6714.48046875
1848.67236328	6663.30566406
1848.93786621	6738.15917969
1849.20336914	6640.48388672
1849.46899414	6773.15771484
1849.73449707	6703.49755859
1850	6656.23339844
