950.114196777	9557
950.379699707	9498.87792969
950.645263672	9587.81933594
950.910766602	9672.2578125
951.176330566	9758.94824219
951.441833496	9684.97070313
951.707397461	9576.828125
951.972900391	9579.90136719
952.238464355	9637.4609375
952.503967285	9636.37597656
952.76953125	9578.68847656
953.03503418	9546.62890625
953.300598145	9638.76171875
953.566101074	9688.83007813
953.831665039	9652.83203125
954.097167969	9599.84472656
954.362670898	9592.19433594
954.628234863	9508.33105469
954.893737793	9481.29394531
955.159301758	9531.63085938
955.424804688	9619.75195313
955.690368652	9660.92578125
955.955871582	9643.98535156
956.221435547	9695.63574219
956.486938477	9782.46191406
956.752502441	9579.14550781
957.018005371	9569.33984375
957.283569336	9509.33300781
957.549072266	9585.73925781
957.81463623	9608.96972656
958.08013916	9450.35449219
958.34564209	9516.32714844
958.611206055	9576.59765625
958.876708984	9691.83398438
959.142272949	9698.36816406
959.407775879	9587.1875
959.673339844	9550.67089844
959.938842773	9558.06542969
960.204406738	9531.44042969
960.469909668	9372.36523438
960.735473633	9573.30761719
961.000976563	9312.92382813
961.266540527	9500.24902344
961.532043457	9514.75
961.797607422	9654.00097656
962.063110352	9540.89648438
962.328613281	9460.1640625
962.594177246	9461.78808594
962.859680176	9525.21777344
963.125244141	9582.65917969
963.39074707	9498.04003906
963.656311035	9381.61816406
963.921813965	9467.58300781
964.18737793	9480.55859375
964.452880859	9397.79785156
964.718444824	9507.57128906
964.983947754	9505.09375
965.249511719	9513.69824219
965.515014648	9435.29785156
965.780517578	9526.54589844
966.046081543	9570.3359375
966.311584473	9473.79199219
966.577148438	9441.95800781
966.842651367	9505.62890625
967.108215332	9515.90527344
967.373718262	9523.5390625
967.639282227	9557.93554688
967.904785156	9633.56542969
968.170349121	9525.47167969
968.435852051	9602.19726563
968.701416016	9580.82226563
968.966918945	9433.35351563
969.23248291	9507.58886719
969.49798584	9484.47070313
969.76348877	9459.78027344
970.029052734	9556.875
970.294555664	9571.05273438
970.560119629	9505.80664063
970.825622559	9555.39453125
971.091186523	9542.10742188
971.356689453	9425.21484375
971.622253418	9287.75195313
971.887756348	9550.81542969
972.153320313	9445.58203125
972.418823242	9745.38964844
972.684387207	9484.09472656
972.949890137	9505.36523438
973.215454102	9494.80859375
973.480957031	9447.20898438
973.746459961	9423.78027344
974.012023926	9418.33203125
974.277526855	9422.23046875
974.54309082	9399.32128906
974.80859375	9363.62207031
975.074157715	9442.11035156
975.339660645	9433.03808594
975.605224609	9654.55566406
975.870727539	9677.68457031
976.136291504	9605.18652344
976.401794434	9626.59960938
976.667358398	9577.26171875
976.932861328	9543.66503906
977.198425293	9565.7265625
977.463928223	9523.37988281
977.729431152	9496.22363281
977.994995117	9512.19726563
978.260498047	9499.83691406
978.526062012	9495.21972656
978.791564941	9395.72558594
979.057128906	9476.97460938
979.322631836	9353.13574219
979.588195801	9641.078125
979.85369873	9744.35058594
980.119262695	9630.72167969
980.384765625	9563.28808594
980.65032959	9565.09277344
980.91583252	9565.24707031
981.181396484	9565.34667969
981.446899414	9496.71289063
981.712402344	9494.88671875
981.977966309	9554.65234375
982.243469238	9503.34570313
982.509033203	9655.94238281
982.774536133	9653.27539063
983.040100098	9495.06542969
983.305603027	9412.09082031
983.571166992	9590.40820313
983.836669922	9637.54394531
984.102233887	9566.59179688
984.367736816	9490.27832031
984.633300781	9509.16308594
984.898803711	9603.46875
985.164367676	9599.34960938
985.429870605	9593.63476563
985.695373535	9632.41113281
985.9609375	9556.265625
986.22644043	9479.95410156
986.492004395	9440.04394531
986.757507324	9476.39453125
987.023071289	9571.48046875
987.288574219	9590.93847656
987.554138184	9505.58496094
987.819641113	9529.03027344
988.085205078	9541.48535156
988.350708008	9507.85742188
988.616271973	9508.58789063
988.881774902	9532.40625
989.147277832	9523.63574219
989.412841797	9548.20214844
989.678344727	9645.91113281
989.943908691	9651.01757813
990.209411621	9519.58203125
990.474975586	9597.74316406
990.740478516	9618.91992188
991.00604248	9661.54882813
991.27154541	9421.953125
991.537109375	9455.96191406
991.802612305	9559.78125
992.06817627	9583.55371094
992.333679199	9548.4453125
992.599243164	9680.3828125
992.864746094	9730.1875
993.130249023	9580.24023438
993.395812988	9529.25878906
993.661315918	9620.91796875
993.926879883	9603.79492188
994.192382813	9673.65039063
994.457946777	9773.74023438
994.723449707	9806.39355469
994.989013672	9857.74707031
995.254516602	9735.14257813
995.520080566	9840.41015625
995.785583496	9968.65917969
996.051147461	10021.8525391
996.316650391	9933.28808594
996.582214355	9956.98242188
996.847717285	9926.43066406
997.113220215	9916.31933594
997.37878418	9938.22363281
997.644287109	9846.10742188
997.909851074	9970.98730469
998.175354004	10034.3876953
998.440917969	9926.52734375
998.706420898	10035.8935547
998.971984863	9802.10058594
999.237487793	9795.69238281
999.503051758	9826.76953125
999.768554688	9750.30371094
1000.03411865	9788.68261719
1000.29962158	9721.546875
1000.56518555	9668.13574219
1000.83068848	9582.70800781
1001.09619141	9629.62402344
1001.36175537	9673.79003906
1001.6272583	9507.20019531
1001.89282227	9570.03808594
1002.1583252	9303.3828125
1002.42388916	9500.04199219
1002.68939209	9450.5
1002.95495605	9305.64355469
1003.22045898	9161.73730469
1003.48602295	9284.45410156
1003.75152588	9276.74511719
1004.01708984	9269.50488281
1004.28259277	9201.72460938
1004.54815674	9298.26367188
1004.81365967	9282.3828125
1005.0791626	9204.6640625
1005.34472656	9285.03808594
1005.61022949	9306.13476563
1005.87579346	9234.08007813
1006.14129639	9240.84765625
1006.40686035	9302.12597656
1006.67236328	9209.34667969
1006.93792725	9240.19824219
1007.20343018	9231.89550781
1007.46899414	9322.29492188
1007.73449707	9209.48242188
1008.00006104	9149.39550781
1008.26556396	9184.8671875
1008.53112793	9175.64550781
1008.79663086	9168.64550781
1009.06213379	9175.34960938
1009.32769775	9134.15917969
1009.59320068	9086.65136719
1009.85876465	9112.49707031
1010.12426758	9194.72167969
1010.38983154	9242.55078125
1010.65533447	9207.24511719
1010.92089844	9125.95898438
1011.18640137	9095.09472656
1011.45196533	9124.38671875
1011.71746826	9154.02246094
1011.98303223	9054.54492188
1012.24853516	9108.90527344
1012.51403809	9102.65527344
1012.77960205	9085.71972656
1013.04510498	9168.234375
1013.31066895	9196.93261719
1013.57617188	9096.90332031
1013.84173584	9067.93847656
1014.10723877	9138.92089844
1014.37280273	9107.01660156
1014.63830566	9165.09179688
1014.90386963	9138.74511719
1015.16937256	8883.34863281
1015.43493652	9075.00195313
1015.70043945	9047.14550781
1015.96600342	9064.69921875
1016.23150635	9056.78222656
1016.49700928	9096.15039063
1016.76257324	9051.04199219
1017.02807617	9158.48339844
1017.29364014	9179.42285156
1017.55914307	9115.15722656
1017.82470703	9185.01757813
1018.09020996	9044.19433594
1018.35577393	9162.76855469
1018.62127686	9177.77246094
1018.88684082	8979.72460938
1019.15234375	9080.29785156
1019.41790771	9116.80664063
1019.68341064	9312.56933594
1019.94897461	9406.73925781
1020.21447754	9243.70410156
1020.47998047	9213.91992188
1020.74554443	9158.88769531
1021.01104736	9162.89550781
1021.27661133	9203.47265625
1021.54211426	9117.89648438
1021.80767822	9059.71582031
1022.07318115	9151.04003906
1022.33874512	9144.90136719
1022.60424805	9195.63574219
1022.86981201	9135.10742188
1023.13531494	9173.15820313
1023.40087891	9158.17285156
1023.66638184	9150.54394531
1023.9319458	8976.19433594
1024.1973877	9086.1953125
1024.4630127	9127.91015625
1024.72851563	9064.45703125
1024.99401855	9009.59960938
1025.25952148	8998.86914063
1025.52514648	8985.359375
1025.79064941	9017.85546875
1026.05615234	9081.73242188
1026.32165527	9044.8046875
1026.58728027	8956.26464844
1026.8527832	8923.66601563
1027.11828613	9013.61328125
1027.38378906	9085.12792969
1027.64941406	9070.13574219
1027.91491699	9040.29199219
1028.18041992	9115.87597656
1028.44592285	9001.19628906
1028.71142578	8842.05566406
1028.97705078	8839.63671875
1029.24255371	8917.48242188
1029.50805664	8945.18945313
1029.77355957	8907.80175781
1030.03918457	8924.44433594
1030.3046875	8922.16503906
1030.57019043	8856.69140625
1030.83569336	8968.35742188
1031.10131836	8973.81738281
1031.36682129	8911.31933594
1031.63232422	8922.45800781
1031.89782715	8943.91796875
1032.16333008	8834.19824219
1032.42895508	9010.91308594
1032.69445801	8965.41601563
1032.95996094	8885.17773438
1033.22546387	8978.38769531
1033.49108887	8891.04296875
1033.7565918	8863.4765625
1034.02209473	8865.3984375
1034.28759766	8825.43359375
1034.55322266	8825.60253906
1034.81872559	8801.29296875
1035.08422852	8740.31835938
1035.34973145	8763.14648438
1035.61535645	8787.64453125
1035.88085938	8736.79492188
1036.1463623	8667.61132813
1036.41186523	8809.30078125
1036.67736816	8969.8125
1036.94299316	8945.09179688
1037.20849609	8687.14160156
1037.47399902	8774.93457031
1037.73950195	8679.88085938
1038.00512695	8581.33007813
1038.27062988	8748.11132813
1038.53613281	8811.04882813
1038.80163574	8742.69042969
1039.06726074	8768.28125
1039.33276367	8762.65136719
1039.5982666	8802.22070313
1039.86376953	8700.25683594
1040.12927246	8751.35742188
1040.39489746	8794.66601563
1040.66040039	8632.17578125
1040.92590332	8731.62207031
1041.19140625	8704.20605469
1041.45703125	8680.40820313
1041.72253418	8715.859375
1041.98803711	8756
1042.25354004	8710.59277344
1042.51916504	8786.89160156
1042.78466797	8794.81542969
1043.0501709	8817.30078125
1043.31567383	8803.57519531
1043.58129883	8660.59472656
1043.84680176	8758.52050781
1044.11230469	8703.50488281
1044.37780762	8654.99609375
1044.64331055	8819.07617188
1044.90893555	8811.76757813
1045.17443848	8864.71679688
1045.43994141	8874.24121094
1045.70544434	8675.8671875
1045.97106934	8687.234375
1046.23657227	8762.43652344
1046.5020752	8626.2578125
1046.76757813	8670.81347656
1047.03320313	8670.44335938
1047.29870605	8699.94726563
1047.56420898	8714.15332031
1047.82971191	8641.79101563
1048.09521484	8751.61132813
1048.36083984	8839.25292969
1048.62634277	8665.07714844
1048.8918457	8779.04199219
1049.15734863	8654.515625
1049.42297363	8697.27246094
1049.68847656	8610.84863281
1049.95397949	8740.62695313
1050.21948242	8752.14550781
1050.48510742	8711.5078125
1050.75061035	8760.81152344
1051.01611328	8736.46875
1051.28161621	8785.58691406
1051.54711914	8813.24804688
1051.81274414	8800.49511719
1052.07824707	8823.11328125
1052.34375	8778.87109375
1052.60925293	8675.23828125
1052.87487793	8769.9921875
1053.14038086	8916.92089844
1053.40588379	8771.43652344
1053.67138672	8832.90332031
1053.93701172	8832.47363281
1054.20251465	8844.77539063
1054.46801758	8852.38085938
1054.73352051	8774.52636719
1054.99914551	8732.11523438
1055.26464844	8830.62207031
1055.53015137	8769.54589844
1055.7956543	8715.23730469
1056.06115723	8734.328125
1056.32678223	8790.65234375
1056.59228516	8854.91210938
1056.85778809	8849.94824219
1057.12329102	8824.44335938
1057.38891602	8917.59179688
1057.65441895	8998.21972656
1057.91992188	9008.14355469
1058.1854248	8984.0703125
1058.4510498	8833.36425781
1058.71655273	8824.00683594
1058.98205566	9035.65722656
1059.24755859	8947.96972656
1059.51306152	8841.91308594
1059.77868652	8833.81933594
1060.04418945	8910.44433594
1060.30969238	8873.53710938
1060.57519531	8903.30566406
1060.84082031	8937.27832031
1061.10632324	8981.79296875
1061.37182617	9016.55273438
1061.6373291	9020.00292969
1061.9029541	9053.08984375
1062.16845703	9046.95898438
1062.43395996	9122.84863281
1062.69946289	9127.05371094
1062.96508789	9115.25097656
1063.23059082	9166.58789063
1063.49609375	9182.69824219
1063.76159668	9333.42089844
1064.02709961	9143.01464844
1064.29272461	9153.9296875
1064.55822754	9312.18457031
1064.82373047	9262.58007813
1065.0892334	9194.35644531
1065.3548584	9269.67480469
1065.62036133	9352.078125
1065.88586426	9313.04394531
1066.15136719	9201.99804688
1066.41699219	9204.16015625
1066.68249512	9309.91113281
1066.94799805	9305.10839844
1067.21350098	9459.55761719
1067.47900391	9593.01953125
1067.74462891	9450.33007813
1068.01013184	9316.51855469
1068.27563477	9334.40332031
1068.5411377	9503.6171875
1068.8067627	9360.203125
1069.07226563	9412.08203125
1069.33776855	9376.40039063
1069.60327148	9330.2421875
1069.86889648	9451.25488281
1070.13439941	9629.05273438
1070.39990234	9572.25292969
1070.66540527	9404.54296875
1070.9309082	9378.296875
1071.1965332	9477.66113281
1071.46203613	9560.63183594
1071.72753906	9539.54296875
1071.99304199	9549.39550781
1072.25866699	9450.09765625
1072.52416992	9601.2734375
1072.78967285	9567.10253906
1073.05517578	9380.35058594
1073.32080078	9281.21777344
1073.58630371	9409.22558594
1073.85180664	9435.67480469
1074.11730957	9490.80371094
1074.38293457	9602.67089844
1074.6484375	9483.70410156
1074.91394043	9521.00195313
1075.17944336	9551.98925781
1075.44494629	9505.54101563
1075.71057129	9402.94238281
1075.97607422	9292.5859375
1076.24157715	9372.30664063
1076.50708008	9408.40136719
1076.77270508	9292.28417969
1077.03820801	9412.37988281
1077.30371094	9495.12890625
1077.56921387	9452.37011719
1077.83483887	9424.08886719
1078.1003418	9505.32910156
1078.36584473	9440.71582031
1078.63134766	9376.80761719
1078.89685059	9288.78808594
1079.16247559	9126.63964844
1079.42797852	9163.95117188
1079.69348145	9328.07617188
1079.95898438	9413.91308594
1080.22460938	9290.16210938
1080.4901123	9269.49511719
1080.75561523	9324.73925781
1081.02111816	9215.6484375
1081.28674316	9233.72167969
1081.55224609	9222.38671875
1081.81774902	9038.78613281
1082.08325195	9349.41894531
1082.34887695	9218.31445313
1082.61437988	9114.49707031
1082.87988281	9249.29101563
1083.14538574	8989.58398438
1083.41088867	9091.04882813
1083.67651367	9099.13769531
1083.9420166	9167.4765625
1084.20751953	9270.3984375
1084.47302246	9111.22558594
1084.73864746	9102.33007813
1085.00415039	9137.65429688
1085.26965332	9191.27929688
1085.53515625	9222.67480469
1085.80078125	9120.90722656
1086.06628418	9092.71582031
1086.33178711	9203.515625
1086.59729004	9196.05371094
1086.86279297	9087.30273438
1087.12841797	9195.984375
1087.3939209	9139.28613281
1087.65942383	9164.82324219
1087.92492676	9158.17285156
1088.19055176	9125.62890625
1088.45605469	9164.70214844
1088.72155762	9112.11132813
1088.98706055	9125.109375
1089.25268555	9167.22167969
1089.51818848	9168.44140625
1089.78369141	9150.38671875
1090.04919434	9101.18457031
1090.31481934	9142.15429688
1090.58032227	9208.1796875
1090.8458252	9191.49609375
1091.11132813	9141.62011719
1091.37683105	9097.76855469
1091.64245605	9150.78027344
1091.90795898	9149.62207031
1092.17346191	9183.93457031
1092.43896484	9047.19921875
1092.70458984	9174.63476563
1092.97009277	8922.53417969
1093.2355957	9062.38476563
1093.50109863	9139.45703125
1093.76672363	9309.73828125
1094.03222656	9228.00976563
1094.29772949	9229.13476563
1094.56323242	9236.22070313
1094.82873535	9163.54394531
1095.09436035	9168.74316406
1095.35986328	9129.11621094
1095.62536621	9175.89746094
1095.89086914	9317.74511719
1096.15649414	9253.88867188
1096.42199707	9167.4453125
1096.6875	9239.87304688
1096.95300293	9166.95214844
1097.21862793	9419.30175781
1097.48413086	9185.27148438
1097.74963379	9116.27148438
1098.01513672	9148.20800781
1098.28063965	9242.63085938
1098.54626465	9054.36035156
1098.81176758	9314.81347656
1099.07727051	9042.4765625
1099.34277344	9331.74023438
1099.60839844	9276.23046875
1099.87390137	9192.0234375
1100.1394043	9315.60839844
1100.40490723	9299.26855469
1100.67053223	9312.70214844
1100.93603516	9272.296875
1101.20153809	9187.19140625
1101.46704102	9342.7109375
1101.73266602	9486.76464844
1101.99816895	9448.05664063
1102.26367188	9203.86425781
1102.5291748	9196.49414063
1102.79467773	9228.88378906
1103.06030273	9452.52148438
1103.32580566	9367.51074219
1103.59130859	9330.41015625
1103.85681152	9244.77636719
1104.12243652	9265.61621094
1104.38793945	9337.49121094
1104.65344238	9441.56835938
1104.91894531	9386.03710938
1105.18457031	9310.31933594
1105.45007324	9450.44433594
1105.71557617	9460.47265625
1105.9810791	9406.48144531
1106.24658203	9364.35644531
1106.51220703	9354.36328125
1106.77770996	9399.1875
1107.04321289	9329.4140625
1107.30871582	9302.88183594
1107.57434082	9321.95507813
1107.83984375	9256.80664063
1108.10534668	9493.75097656
1108.37084961	9194.55761719
1108.63647461	9526.82910156
1108.90197754	9384.00390625
1109.16748047	9426.66796875
1109.4329834	9453.88085938
1109.6986084	9250.12792969
1109.96411133	9281.48242188
1110.22961426	9339.44140625
1110.49511719	9215.04199219
1110.76062012	9286.13476563
1111.02624512	9361.40917969
1111.29174805	9325.68359375
1111.55725098	9336.37597656
1111.82275391	9378.44140625
1112.08837891	9323.46484375
1112.35388184	9308.66113281
1112.61938477	9404.9375
1112.8848877	9387.89160156
1113.1505127	9544.203125
1113.41601563	9340.27929688
1113.68151855	9337.8671875
1113.94702148	9400.94628906
1114.21252441	9507.22265625
1114.47814941	9535.81054688
1114.74365234	9426.54199219
1115.00915527	9650.625
1115.2746582	9614.13476563
1115.5402832	9587.97265625
1115.80578613	9636.41308594
1116.07128906	9704.74902344
1116.33679199	9669.41015625
1116.60241699	9568.54589844
1116.86791992	9663.00292969
1117.13342285	9779.64550781
1117.39892578	9722.97167969
1117.66442871	9687.33007813
1117.93005371	9763.38769531
1118.19555664	9786.61328125
1118.46105957	9710.60839844
1118.7265625	9724.90722656
1118.9921875	9630.52441406
1119.25769043	9699.54101563
1119.52319336	9656.53515625
1119.78869629	9695.30859375
1120.05432129	9645.72851563
1120.31982422	9745.20019531
1120.58532715	9712.95214844
1120.85083008	9760.73535156
1121.11645508	9753.27050781
1121.38195801	9678.28515625
1121.64746094	9642.69238281
1121.91296387	9733.48242188
1122.1784668	9710.92578125
1122.4440918	9629.95996094
1122.70959473	9726.85351563
1122.97509766	9737.34082031
1123.24060059	9648.10449219
1123.50622559	9707.91210938
1123.77172852	9721.80859375
1124.03723145	9724.18164063
1124.30273438	9630.85058594
1124.56835938	9605.29101563
1124.8338623	9618.29296875
1125.09936523	9696.79003906
1125.36486816	9389.18945313
1125.63037109	9540.84082031
1125.89599609	9576.08789063
1126.16149902	9495.13867188
1126.42700195	9526.17675781
1126.69250488	9500.65429688
1126.95812988	9429.69140625
1127.22363281	9424.33886719
1127.48913574	9487.04492188
1127.75463867	9377.43164063
1128.02026367	9421.90917969
1128.2857666	9573.77246094
1128.55126953	9627.95117188
1128.81677246	9524.79101563
1129.08239746	9437.96386719
1129.34790039	9452.6328125
1129.61340332	9432.28222656
1129.87890625	9579.55859375
1130.14440918	9465.28125
1130.41003418	9471.00878906
1130.67553711	9469.375
1130.94104004	9424.4609375
1131.20654297	9458.09570313
1131.47216797	9582.19628906
1131.7376709	9542.60839844
1132.00317383	9437.25683594
1132.26867676	9534.77636719
1132.53430176	9661.68945313
1132.79980469	9425.00878906
1133.06530762	9367.34375
1133.33081055	9552.27148438
1133.59631348	9529.85644531
1133.86193848	9481.04003906
1134.12744141	9510.43554688
1134.39294434	9630.88085938
1134.65844727	9603.50585938
1134.92407227	9439.59570313
1135.1895752	9469.03808594
1135.45507813	9548.01171875
1135.72058105	9581.73535156
1135.98620605	9518.83300781
1136.25170898	9538.38671875
1136.51721191	9701.43652344
1136.78271484	9542.12695313
1137.04833984	9561.22460938
1137.31384277	9547.03417969
1137.5793457	9551.81152344
1137.84484863	9654.53417969
1138.11035156	9704.32617188
1138.37597656	9664.09277344
1138.64147949	9696.85839844
1138.90698242	9674.46875
1139.17248535	9679.11328125
1139.43811035	9649.26269531
1139.70361328	9661.18457031
1139.96911621	9731.24121094
1140.23461914	9647.77148438
1140.50024414	9521.09179688
1140.76574707	9644.96777344
1141.03125	9818.49902344
1141.29675293	9810.32910156
1141.56225586	9782.42089844
1141.82788086	9740.91601563
1142.09338379	9851.99707031
1142.35888672	9792.4765625
1142.62438965	9800.45214844
1142.89001465	9973.23632813
1143.15551758	9897.4765625
1143.42102051	9715.01757813
1143.68652344	9977.87109375
1143.95214844	9817.22265625
1144.21765137	9779.27832031
1144.4831543	9877.80078125
1144.74865723	9890.88378906
1145.01416016	9947.64746094
1145.27978516	9937.20117188
1145.54528809	9865.75683594
1145.81079102	9919.30273438
1146.07629395	9908.17773438
1146.34191895	9966.75976563
1146.60742188	10052.5214844
1146.8729248	10051.7197266
1147.13842773	9964.08691406
1147.40405273	9922.98730469
1147.66955566	10057.9257813
1147.93505859	10014.2851563
1148.20056152	10042.7441406
1148.46618652	10145.4150391
1148.73168945	10182.5214844
1148.99719238	10042.5888672
1149.26269531	10030.2265625
1149.52819824	10011.8544922
1149.79382324	10132.3535156
1150.05932617	10134.9501953
1150.3248291	10234.7568359
1150.59033203	10062.7832031
1150.85595703	10129.9736328
1151.12145996	10073.3007813
1151.38696289	10070.203125
1151.65246582	10136.9423828
1151.91809082	10085.2080078
1152.18359375	10059.9833984
1152.44909668	10033.828125
1152.71459961	10011.7802734
1152.98010254	10064.8007813
1153.24572754	10223.0410156
1153.51123047	10263.4638672
1153.7767334	10101.0205078
1154.04223633	10065.1230469
1154.30786133	10145.4375
1154.57336426	10256.4570313
1154.83886719	10238.8125
1155.10437012	10266.7607422
1155.36999512	10270.8183594
1155.63549805	10120.8388672
1155.90100098	10159.7216797
1156.16650391	10311.9072266
1156.43212891	10161.7978516
1156.69763184	10328.7373047
1156.96313477	10318.8427734
1157.2286377	10326.6894531
1157.49414063	10262.3652344
1157.75976563	10304.3076172
1158.02526855	10205.6455078
1158.29077148	10264.2431641
1158.55627441	10440.734375
1158.82189941	10448.9433594
1159.08740234	10362.0732422
1159.35290527	10207.8232422
1159.6184082	10152.2128906
1159.8840332	10330.3964844
1160.14953613	10379.3837891
1160.41503906	10223.2275391
1160.68054199	10258.7783203
1160.94604492	10315.7558594
1161.21166992	10260.6191406
1161.47717285	10367.7802734
1161.74267578	10248.3574219
1162.00817871	10292.6542969
1162.27380371	10280.5771484
1162.53930664	10477.3583984
1162.80480957	10327.9052734
1163.0703125	10563.9960938
1163.3359375	10599.6669922
1163.60144043	10357.15625
1163.86694336	10430.6660156
1164.13244629	10225.9179688
1164.39794922	10185.4873047
1164.66357422	10300.3193359
1164.92907715	10506.1025391
1165.19458008	10568.4882813
1165.46008301	10356.9980469
1165.72570801	10145.7607422
1165.99121094	10230.9560547
1166.25671387	10285.796875
1166.5222168	10256.6982422
1166.7878418	10316.5566406
1167.05334473	10303.5019531
1167.31884766	10255.1787109
1167.58435059	10187.1865234
1167.84997559	10401.5507813
1168.11547852	10469.9833984
1168.38098145	10488.1601563
1168.64648438	10240.1455078
1168.9119873	10164.4189453
1169.1776123	10245.0947266
1169.44311523	10341.6748047
1169.70861816	10107.7294922
1169.97412109	10341.9267578
1170.23974609	10293.4384766
1170.50524902	10244.9355469
1170.77075195	10213.4082031
1171.03625488	10248.546875
1171.30187988	10435.5380859
1171.56738281	10251.5634766
1171.83288574	10328.6796875
1172.09838867	10328.0371094
1172.3638916	10443.8095703
1172.6295166	10541.6103516
1172.89501953	10419.3115234
1173.16052246	10299.515625
1173.42602539	10232.4550781
1173.69165039	10291.5439453
1173.95715332	10501.3974609
1174.22265625	10491.1962891
1174.48815918	10354.0595703
1174.75378418	10392.1982422
1175.01928711	10457.5136719
1175.28479004	10479.8261719
1175.55029297	10652.4482422
1175.81591797	10571.6835938
1176.0814209	10475.2226563
1176.34692383	10308.2070313
1176.61242676	10436.6787109
1176.87792969	10539.6386719
1177.14355469	10618.25
1177.40905762	10564.5673828
1177.67456055	10446.6611328
1177.94006348	10536.6464844
1178.20568848	10432.9257813
1178.47119141	10493.4257813
1178.73669434	10522.6923828
1179.00219727	10478.4453125
1179.26782227	10542.9199219
1179.5333252	10554.7851563
1179.79882813	10427.0820313
1180.06433105	10361.7265625
1180.32983398	10542.9160156
1180.59545898	10684.375
1180.86096191	10604.2265625
1181.12646484	10590.4443359
1181.39196777	10582.4951172
1181.65759277	10483.2558594
1181.9230957	10465.4589844
1182.18859863	10495.6904297
1182.45410156	10549.7050781
1182.71972656	10635.5683594
1182.98522949	10683.0917969
1183.25073242	10258.7333984
1183.51623535	10444.7402344
1183.78186035	10410.1806641
1184.04736328	10400.3808594
1184.31286621	10297.6240234
1184.57836914	10311.2167969
1184.84387207	10438.0878906
1185.10949707	10367.8115234
1185.375	10278.1181641
1185.64050293	10226.2333984
1185.90600586	10401.7050781
1186.17163086	10469.2587891
1186.43713379	10477.1103516
1186.70263672	10476.7441406
1186.96813965	10430.5361328
1187.23376465	10369.7382813
1187.49926758	10290.9433594
1187.76477051	10208.9501953
1188.03027344	10217.8632813
1188.29577637	10330.8017578
1188.56140137	10421.8378906
1188.8269043	10420.6005859
1189.09240723	10418.8759766
1189.35791016	10426.7392578
1189.62353516	10379.8740234
1189.88903809	10438.0996094
1190.15454102	10345.2988281
1190.42004395	10187.7255859
1190.68566895	10297.8359375
1190.95117188	10444.3007813
1191.2166748	10405.0068359
1191.48217773	10407.9111328
1191.74768066	10361.1025391
1192.01330566	10251.8798828
1192.27880859	10296.3144531
1192.54431152	10312.5078125
1192.80981445	10236.7285156
1193.07543945	10492.4550781
1193.34094238	10360.9365234
1193.60644531	10341.9638672
1193.87194824	10370.6601563
1194.13757324	10452.0283203
1194.40307617	10523.9638672
1194.6685791	10494.8808594
1194.93408203	10461.0859375
1195.19970703	10461.5410156
1195.46520996	10346.875
1195.73071289	10267.2109375
1195.99621582	10310.8408203
1196.26171875	10286.2734375
1196.52734375	10317.8242188
1196.79284668	10281.2148438
1197.05834961	10298.5039063
1197.32385254	10279.5966797
1197.58947754	10417.4511719
1197.85498047	10304.5556641
1198.1204834	10303.6318359
1198.38598633	10322.3984375
1198.65161133	10389.5009766
1198.91711426	10337.3583984
1199.18261719	10295.7041016
1199.44812012	10293.109375
1199.71362305	10464.78125
1199.97924805	10258.6435547
1200.24475098	10279.2089844
1200.51025391	10351.5078125
1200.77575684	10275.3349609
1201.04138184	10336.2773438
1201.30688477	10263.6386719
1201.5723877	10340.1005859
1201.83789063	10267.9472656
1202.10351563	10219.1748047
1202.36901855	10233.3330078
1202.63452148	10244.8886719
1202.90002441	10235.890625
1203.16564941	10234.6191406
1203.43115234	10221.453125
1203.69665527	10199.5556641
1203.9621582	10280.9541016
1204.22766113	10375.2236328
1204.49328613	10329.9951172
1204.75878906	10244.2890625
1205.02429199	10265.4980469
1205.28979492	10440.1171875
1205.55541992	10417.4599609
1205.82092285	10400.4501953
1206.08642578	10343.9707031
1206.35192871	10191.8769531
1206.61755371	10256.8769531
1206.88305664	10389.1035156
1207.14855957	10172.5341797
1207.4140625	10357.7060547
1207.67956543	10332.1513672
1207.94519043	10318.21875
1208.21069336	10071.7978516
1208.47619629	10299.6806641
1208.74169922	10322.5302734
1209.00732422	10309.7792969
1209.27282715	10225.8261719
1209.53833008	10200.1503906
1209.80383301	10255.5537109
1210.06945801	10192.6953125
1210.33496094	10224.8613281
1210.60046387	10155.6083984
1210.8659668	10170.7714844
1211.13146973	10240.6015625
1211.39709473	10149.8408203
1211.66259766	10219.5625
1211.92810059	10366.9082031
1212.19360352	10281.4511719
1212.45922852	10198.7158203
1212.72473145	10183.1875
1212.99023438	10175.9082031
1213.2557373	10048.078125
1213.5213623	10018.4726563
1213.78686523	10044.7548828
1214.05236816	10070.0585938
1214.31787109	10382.1044922
1214.58349609	10363.2128906
1214.84899902	10129.8505859
1215.11450195	10302.2890625
1215.38000488	10136.0458984
1215.64550781	10268.9150391
1215.91113281	10281.6074219
1216.17663574	10109.8671875
1216.44213867	10250.2275391
1216.7076416	10121.3359375
1216.9732666	10254.2939453
1217.23876953	10147.4560547
1217.50427246	10333.9726563
1217.76977539	10347.6044922
1218.03540039	10333
1218.30090332	10269.5029297
1218.56640625	10131.0390625
1218.83190918	10219.828125
1219.09741211	10233.8955078
1219.36303711	10244.0576172
1219.62854004	10182.8134766
1219.89404297	10197.9365234
1220.1595459	10365.859375
1220.4251709	10405.25
1220.69067383	10275.8457031
1220.95617676	10155.6279297
1221.22167969	10258.3164063
1221.48730469	10455.9121094
1221.75280762	10416.8076172
1222.01831055	10343.1884766
1222.28381348	10354.8710938
1222.54943848	10410.3632813
1222.81494141	10360.7802734
1223.08044434	10357.5800781
1223.34594727	10346.2626953
1223.6114502	10466.3320313
1223.8770752	10236.9677734
1224.14257813	10273.8183594
1224.40808105	10272.4326172
1224.67358398	10414.2167969
1224.93920898	10246.1582031
1225.20471191	10348.8359375
1225.47021484	10358.8046875
1225.73571777	10268.1328125
1226.00134277	10228.7949219
1226.2668457	10208.484375
1226.53234863	10344.515625
1226.79785156	10268.0166016
1227.06335449	10204.9326172
1227.32897949	10277.9804688
1227.59448242	10196.2441406
1227.85998535	10352.0712891
1228.12548828	10340.0273438
1228.39111328	10195.5205078
1228.65661621	10198.2939453
1228.92211914	10238.6669922
1229.18762207	10294.5664063
1229.45324707	10294.9824219
1229.71875	10240.2460938
1229.98425293	10201.7441406
1230.24975586	10253.4902344
1230.51538086	10402.3837891
1230.78088379	10339.0107422
1231.04638672	10313.5273438
1231.31188965	10412.9541016
1231.57739258	10425.2695313
1231.84301758	10319.1083984
1232.10852051	10334.1728516
1232.37402344	10270.1337891
1232.63952637	10233.2988281
1232.90515137	10354.3554688
1233.1706543	10306.6425781
1233.43615723	10431.2919922
1233.70166016	10449.4697266
1233.96728516	10369.7685547
1234.23278809	10303.6328125
1234.49829102	10239.4013672
1234.76379395	10480.8779297
1235.02929688	10296.5878906
1235.29492188	10306.0029297
1235.5604248	10307.6191406
1235.82592773	10468.1181641
1236.09143066	10537.9873047
1236.35705566	10537.8447266
1236.62255859	10429.828125
1236.88806152	10537.2060547
1237.15356445	10604.4912109
1237.41918945	10506.0039063
1237.68469238	10586.0732422
1237.95019531	10557.5244141
1238.21569824	10545.6621094
1238.48120117	10540.3134766
1238.74682617	10406.2138672
1239.0123291	10478.8417969
1239.27783203	10566.8388672
1239.54333496	10576.7705078
1239.80895996	10616.3056641
1240.07446289	10517.9492188
1240.33996582	10574.3271484
1240.60546875	10635.0830078
1240.87109375	10562.2714844
1241.13659668	10591.0351563
1241.40209961	10632.7470703
1241.66760254	10441.6757813
1241.93322754	10508.6025391
1242.19873047	10551.7392578
1242.4642334	10559.7548828
1242.72973633	10432.6835938
1242.99523926	10412.5253906
1243.26086426	10609.2548828
1243.52636719	10589.2294922
1243.79187012	10605.5449219
1244.05737305	10458.2929688
1244.32299805	10563.4150391
1244.58850098	10441.5556641
1244.85400391	10662.1523438
1245.11950684	10539.2431641
1245.38513184	10660.6152344
1245.65063477	10571.0527344
1245.9161377	10481.8759766
1246.18164063	10500.5361328
1246.44714355	10624.8339844
1246.71276855	10522.46875
1246.97827148	10465.8525391
1247.24377441	10545.3564453
1247.50927734	10554.015625
1247.77490234	10592.8886719
1248.04040527	10564.9794922
1248.3059082	10544.2128906
1248.57141113	10609.5761719
1248.83703613	10540.2197266
1249.10253906	10610.71875
1249.36804199	10718.0546875
1249.63354492	10529.890625
1249.89916992	10404.0732422
1250.16467285	10544.4365234
1250.43017578	10671.0146484
1250.69567871	10622.3271484
1250.96118164	10537.3535156
1251.22680664	10525.6992188
1251.49230957	10481.0625
1251.7578125	10488.2675781
1252.02331543	10636.9140625
1252.28894043	10670.0566406
1252.55444336	10611.6113281
1252.81994629	10547.1767578
1253.08544922	10668.3427734
1253.35107422	10517.0498047
1253.61657715	10523.7822266
1253.88208008	10615.8417969
1254.14758301	10567.7832031
1254.41308594	10620.2705078
1254.67871094	10576.2626953
1254.94421387	10451.4960938
1255.2097168	10613.1269531
1255.47521973	10722.0087891
1255.74084473	10662.1904297
1256.00634766	10704.8134766
1256.27185059	10642.4824219
1256.53735352	10613.4052734
1256.80297852	10631.6503906
1257.06848145	10752.4414063
1257.33398438	10781.5673828
1257.5994873	10605.5195313
1257.8651123	10602.8271484
1258.13061523	10711.1435547
1258.39611816	10744.2363281
1258.66162109	10771.8203125
1258.92712402	10611.1445313
1259.19274902	10514.1308594
1259.45825195	10581.0546875
1259.72375488	10754.8154297
1259.98925781	10767.4667969
1260.25488281	10802.9306641
1260.52038574	10712.0302734
1260.78588867	10637.7216797
1261.0513916	10706.4003906
1261.3170166	10662.1611328
1261.58251953	10639.203125
1261.84802246	10652.3701172
1262.11352539	10679.3730469
1262.37902832	10673.4169922
1262.64465332	10723.2685547
1262.91015625	10737.6933594
1263.17565918	10748.8203125
1263.44116211	10739.4707031
1263.70678711	10668.4248047
1263.97229004	10756.7734375
1264.23779297	10681.0332031
1264.5032959	10758.9550781
1264.7689209	10806.5605469
1265.03442383	10744.7890625
1265.29992676	10813.3886719
1265.56542969	10798.9970703
1265.83093262	10786.5849609
1266.09655762	10882.9541016
1266.36206055	10713.9912109
1266.62756348	10904.7744141
1266.89306641	10757.2939453
1267.15869141	10741.5498047
1267.42419434	10832.4814453
1267.68969727	10802.1386719
1267.9552002	10954.8955078
1268.2208252	10930.859375
1268.48632813	10904.4755859
1268.75183105	10908.4814453
1269.01733398	10961.2275391
1269.28295898	11036.2685547
1269.54846191	10866.8212891
1269.81396484	10873.515625
1270.07946777	10927.4208984
1270.3449707	10933.6308594
1270.6105957	10986.5830078
1270.87609863	10911.8789063
1271.14160156	10834.8544922
1271.40710449	10963.2421875
1271.67272949	11143.5585938
1271.93823242	10957.2607422
1272.20373535	10877.4736328
1272.46923828	10841.6777344
1272.73486328	10903.9316406
1273.00036621	10995.6845703
1273.26586914	11058.0751953
1273.53137207	11135.8232422
1273.796875	11066.3017578
1274.0625	11030.7578125
1274.32800293	11020.0048828
1274.59350586	11077.0166016
1274.85900879	11082.5820313
1275.12463379	10966.3115234
1275.39013672	11033.9638672
1275.65563965	11036.7958984
1275.92114258	10957.6835938
1276.18676758	10904.3818359
1276.45227051	11019.4169922
1276.71777344	11136.5302734
1276.98327637	11141.3818359
1277.24890137	11033.2431641
1277.5144043	10965.6171875
1277.77990723	11152.7509766
1278.04541016	11330.1484375
1278.31091309	11190.2871094
1278.57653809	11030.4179688
1278.84204102	11012.4619141
1279.10754395	11018.9482422
1279.37304688	11309.5263672
1279.63867188	11090.1425781
1279.9041748	11111.7871094
1280.16967773	10874.7685547
1280.43518066	11064.078125
1280.70080566	11029.3525391
1280.96630859	11153.0605469
1281.23181152	10955.3632813
1281.49731445	10834.5039063
1281.76281738	11128.5830078
1282.02844238	11183.5136719
1282.29394531	11059.8701172
1282.55944824	11132.8232422
1282.82495117	11163.4931641
1283.09057617	11090.8974609
1283.3560791	11070.2412109
1283.62158203	11021.5849609
1283.88708496	11014.3535156
1284.15270996	11092.0810547
1284.41821289	11053.0888672
1284.68371582	11166.0537109
1284.94921875	11014.6513672
1285.21472168	11029.6621094
1285.48034668	11143.5097656
1285.74584961	10986.7792969
1286.01135254	11174.4462891
1286.27685547	11274.8505859
1286.54248047	11232.2529297
1286.8079834	11257.3027344
1287.07348633	11137.0869141
1287.33898926	11072.8671875
1287.60461426	11169.8203125
1287.87011719	11122.1914063
1288.13562012	10978.7695313
1288.40112305	11074.7412109
1288.66674805	11188.7626953
1288.93225098	11138.5087891
1289.19775391	11003.3349609
1289.46325684	11141.6005859
1289.72875977	11128.9902344
1289.99438477	11042.7216797
1290.2598877	11241.2558594
1290.52539063	11237.4326172
1290.79089355	11222.5664063
1291.05651855	11229.4990234
1291.32202148	11136.7304688
1291.58752441	11143.6728516
1291.85302734	11144.2109375
1292.11865234	11201.1572266
1292.38415527	11184.1953125
1292.6496582	11296.0439453
1292.91516113	11116.3671875
1293.18066406	11277.2871094
1293.44628906	11231.2265625
1293.71179199	11099.2119141
1293.97729492	11120.7617188
1294.24279785	11178.3544922
1294.50842285	11190.3066406
1294.77392578	11039.4013672
1295.03942871	11074.1503906
1295.30493164	11131.7587891
1295.57055664	11114.0878906
1295.83605957	11187.2138672
1296.1015625	11125.4111328
1296.36706543	11050.6328125
1296.63269043	11131.8193359
1296.89819336	11263.3330078
1297.16369629	11171.3779297
1297.42919922	11254.2734375
1297.69470215	11052.0800781
1297.96032715	11061.4042969
1298.22583008	11091.6728516
1298.49133301	11059.8857422
1298.75683594	11082.9707031
1299.02246094	11054.2431641
1299.28796387	11091.1904297
1299.5534668	11123.0244141
1299.81896973	11066.2480469
1300.08459473	11168.7148438
1300.35009766	11231.6591797
1300.61560059	11224.2402344
1300.88110352	11138.8671875
1301.14660645	11067.703125
1301.41223145	11117.7695313
1301.67773438	11109.9853516
1301.9432373	11108.1494141
1302.20874023	11085.8984375
1302.47436523	11040.5253906
1302.73986816	11077.8759766
1303.00537109	11031.9072266
1303.27087402	10936.6650391
1303.53649902	11029.6591797
1303.80200195	11083.21875
1304.06750488	10954.4121094
1304.33300781	10908.9130859
1304.59863281	11035.8193359
1304.86413574	11119.8242188
1305.12963867	11051.3935547
1305.3951416	11070.6806641
1305.66064453	11212.8769531
1305.92626953	11247.2353516
1306.19177246	11014.3603516
1306.45727539	11069.8554688
1306.72277832	11141.2695313
1306.98840332	11122.625
1307.25390625	11120.3710938
1307.51940918	11015.5849609
1307.78491211	11235.4013672
1308.05053711	11160.8730469
1308.31604004	11073.8789063
1308.58154297	11165.1357422
1308.8470459	11104.4199219
1309.11254883	11130.7177734
1309.37817383	11199.5341797
1309.64367676	11269.4785156
1309.90917969	11208.2304688
1310.17468262	10951.2431641
1310.44030762	10983.3945313
1310.70581055	11236.9238281
1310.97131348	11281.6484375
1311.23681641	11231.9873047
1311.50244141	10781.5146484
1311.76794434	10859.9609375
1312.03344727	11228.5146484
1312.2989502	11010.5048828
1312.56445313	11039.1992188
1312.83007813	10875.1835938
1313.09558105	11031.7470703
1313.36108398	11143.6943359
1313.62658691	11015.0009766
1313.89221191	10855.1025391
1314.15771484	11010.7578125
1314.42321777	10953.6201172
1314.6887207	10887.8427734
1314.9543457	10957.8789063
1315.21984863	11006.3710938
1315.48535156	10907.0654297
1315.75085449	10956.1835938
1316.01647949	10955.4453125
1316.28198242	11019.0029297
1316.54748535	10959.7939453
1316.81298828	11002.7314453
1317.07849121	11078.328125
1317.34411621	10952.1914063
1317.60961914	10786.0566406
1317.87512207	10840.6044922
1318.140625	10995.1835938
1318.40625	11062.2382813
1318.67175293	11091.0097656
1318.93725586	10925.9599609
1319.20275879	10956.7841797
1319.46838379	11004
1319.73388672	10936.4208984
1319.99938965	11012.71875
1320.26489258	11011.8222656
1320.53039551	10948.4326172
1320.79602051	10969.3154297
1321.06152344	11019.0957031
1321.32702637	10873.9462891
1321.5925293	10924.7890625
1321.8581543	10949.5205078
1322.12365723	10920.140625
1322.38916016	10901.3154297
1322.65466309	10954.9023438
1322.92028809	11012.9853516
1323.18579102	10971.0009766
1323.45129395	11048.2529297
1323.71679688	11061.5888672
1323.98242188	10982.6767578
1324.2479248	11023.8232422
1324.51342773	11074.2890625
1324.77893066	11103.8759766
1325.04443359	11092.1611328
1325.31005859	11035.390625
1325.57556152	10907.5820313
1325.84106445	10869.5371094
1326.10656738	11037.6074219
1326.37219238	11061.1523438
1326.63769531	10987.5175781
1326.90319824	10903.8701172
1327.16870117	10973.0019531
1327.43432617	10976.7324219
1327.6998291	10930.5722656
1327.96533203	10834.734375
1328.23083496	10958.28125
1328.49633789	10994.2597656
1328.76196289	11053.8251953
1329.02746582	11089.1601563
1329.29296875	11061.1933594
1329.55847168	11139.2314453
1329.82409668	10927.2998047
1330.08959961	11026.6357422
1330.35510254	11005.6308594
1330.62060547	10971.6611328
1330.88623047	10940.9550781
1331.1517334	10868.4951172
1331.41723633	11039.7041016
1331.68273926	10904.8251953
1331.94824219	10933.6904297
1332.21386719	10877.9648438
1332.47937012	11077.6621094
1332.74487305	10935.6259766
1333.01037598	10898.2597656
1333.27600098	10857.2460938
1333.54150391	10802.5917969
1333.80700684	10926.2050781
1334.07250977	10938.0136719
1334.33813477	11025.6601563
1334.6036377	10919.5136719
1334.86914063	11014
1335.13464355	11010.2607422
1335.40026855	10951.0068359
1335.66577148	11051.4667969
1335.93127441	11258.7958984
1336.19677734	11130.5966797
1336.46228027	10909.3769531
1336.72790527	10934.9951172
1336.9934082	10934.0039063
1337.25891113	11014.9023438
1337.52441406	11101.0263672
1337.79003906	11070.0878906
1338.05554199	10967.3291016
1338.32104492	10961.1005859
1338.58654785	11002.6894531
1338.85217285	11092.2871094
1339.11767578	11078.4765625
1339.38317871	11030.0576172
1339.64868164	11180.0517578
1339.91418457	11065.9140625
1340.17980957	10926.8603516
1340.4453125	11051.7675781
1340.71081543	11032.3447266
1340.97631836	11009.5351563
1341.24194336	11076.2246094
1341.50744629	11063.8759766
1341.77294922	11004.9052734
1342.03845215	11117.4599609
1342.30407715	10979.921875
1342.56958008	10951.1074219
1342.83508301	10980.4570313
1343.10058594	11026.6816406
1343.36621094	10950.9189453
1343.63171387	11166.6884766
1343.8972168	11149.4492188
1344.16271973	11069.7246094
1344.42822266	11009.1884766
1344.69384766	11015.1367188
1344.95935059	10901.8886719
1345.22485352	11036.5634766
1345.49035645	11103.6484375
1345.75598145	11217.0908203
1346.02148438	11007.4121094
1346.2869873	11142.7304688
1346.55249023	11152.9501953
1346.81811523	11028.5458984
1347.08361816	11075.3662109
1347.34912109	10966.7548828
1347.61462402	11055.515625
1347.88012695	11122.2695313
1348.14575195	11207.3173828
1348.41125488	11221.6835938
1348.67675781	11188.9091797
1348.94226074	11273.9550781
1349.20788574	11324
1349.47338867	11288.0595703
1349.7388916	11300.3261719
1350.00439453	11246.3945313
1350.27001953	11153.1992188
1350.53552246	11213.1298828
1350.80102539	11313.5048828
1351.06652832	11377.5117188
1351.33215332	11264.5820313
1351.59765625	11273.9091797
1351.86315918	11367.6162109
1352.12866211	11299.3662109
1352.39416504	11296.3691406
1352.65979004	11312.0673828
1352.92529297	11291.6884766
1353.1907959	11274.1132813
1353.45629883	11215.1591797
1353.72192383	11292.2021484
1353.98742676	11366.4755859
1354.25292969	11304.7744141
1354.51843262	11246.9482422
1354.78405762	11151.75
1355.04956055	11279.3603516
1355.31506348	11348.5947266
1355.58056641	11292.7402344
1355.84606934	11322.3496094
1356.11169434	11383.3476563
1356.37719727	11406.8808594
1356.6427002	11236.6650391
1356.90820313	11220.8984375
1357.17382813	11324.4746094
1357.43933105	11308.5058594
1357.70483398	11300.7666016
1357.97033691	11256.2890625
1358.23596191	11217.8994141
1358.50146484	11199.2099609
1358.76696777	11132.9726563
1359.0324707	11265.9345703
1359.29797363	11290.2900391
1359.56359863	11191.5058594
1359.82910156	11287.3554688
1360.09460449	11235.0126953
1360.36010742	11298.9804688
1360.62573242	11436.2197266
1360.89123535	11478.8613281
1361.15673828	11403.1679688
1361.42224121	11256.1269531
1361.68786621	11211.8925781
1361.95336914	11153.7041016
1362.21887207	11240.1962891
1362.484375	11437.1328125
1362.75	11394.2412109
1363.01550293	11432.8349609
1363.28100586	11499.4257813
1363.54650879	11358.5332031
1363.81201172	11336.3603516
1364.07763672	11353.7587891
1364.34313965	11320.2802734
1364.60864258	11301.2001953
1364.87414551	11355.2421875
1365.13977051	11315.2246094
1365.40527344	11412.2060547
1365.67077637	11386.375
1365.9362793	11286.1484375
1366.2019043	11343.2646484
1366.46740723	11378.8125
1366.73291016	11258.7460938
1366.99841309	11229.4404297
1367.26391602	11251.8408203
1367.52954102	11215.1328125
1367.79504395	11272.7890625
1368.06054688	11242.2490234
1368.3260498	11367.5019531
1368.5916748	11378.3583984
1368.85717773	11299.8613281
1369.12268066	11112.6923828
1369.38818359	11266.34375
1369.65380859	11215.1591797
1369.91931152	11210.8310547
1370.18481445	11267.0908203
1370.45031738	11090.1552734
1370.71594238	11061.9863281
1370.98144531	11086.6699219
1371.24694824	11147.5449219
1371.51245117	11152.5390625
1371.7779541	10960.3955078
1372.0435791	11043.9101563
1372.30908203	11078.3154297
1372.57458496	11222.9287109
1372.84008789	11196.3847656
1373.10571289	11025.4726563
1373.37121582	11015.0292969
1373.63671875	11110.4550781
1373.90222168	11024.3857422
1374.16784668	11036.1152344
1374.43334961	11039.5976563
1374.69885254	10920.3242188
1374.96435547	11002.7451172
1375.2298584	11016.8769531
1375.4954834	11029.6875
1375.76098633	10967.1855469
1376.02648926	11044.5136719
1376.29199219	11013.8574219
1376.55761719	11022.9882813
1376.82312012	10944.3535156
1377.08862305	10884.328125
1377.35412598	10900.0810547
1377.61975098	11040.7236328
1377.88525391	10895.7646484
1378.15075684	10944.3222656
1378.41625977	10962.1904297
1378.6817627	11014.4306641
1378.9473877	10946.2255859
1379.21289063	11011.0742188
1379.47839355	11150.2451172
1379.74389648	11030.2285156
1380.00952148	10913.0703125
1380.27502441	10857.4794922
1380.54052734	10824.0195313
1380.80603027	10899.3251953
1381.07165527	11045.3115234
1381.3371582	10982.5722656
1381.60266113	10929.9755859
1381.86816406	10856.1132813
1382.13378906	10834.9589844
1382.39929199	10853.0175781
1382.66479492	10993.8916016
1382.93029785	10974.2490234
1383.19580078	11023.6015625
1383.46142578	10921.5136719
1383.72692871	10856.3066406
1383.99243164	10901.6699219
1384.25793457	10918.3144531
1384.52355957	10932.3144531
1384.7890625	10935.4296875
1385.05456543	10938.1806641
1385.32006836	10853.1474609
1385.58569336	10826.4238281
1385.85119629	11078.7978516
1386.11669922	11007.0097656
1386.38220215	10946.1181641
1386.64770508	10933.078125
1386.91333008	10807.3046875
1387.17883301	10889.7998047
1387.44433594	10827.7099609
1387.70983887	10902.3398438
1387.97546387	10775.8496094
1388.2409668	10695.3457031
1388.50646973	10835.9824219
1388.77197266	10900.9013672
1389.03759766	10879.3330078
1389.30310059	10877.125
1389.56860352	10905.1357422
1389.83410645	10953.5527344
1390.09973145	10869.0097656
1390.36523438	10750.2275391
1390.6307373	10969.2773438
1390.89624023	11090.1943359
1391.16174316	10890.828125
1391.42736816	10865.5087891
1391.69287109	10851.2822266
1391.95837402	10811.796875
1392.22387695	10774.2314453
1392.48950195	10907.21875
1392.75500488	10897.4589844
1393.02050781	10845.7861328
1393.28601074	10740.4404297
1393.55163574	10840.4707031
1393.81713867	10846.4443359
1394.0826416	10803.9667969
1394.34814453	10915.9462891
1394.61364746	10768.7265625
1394.87927246	10802.8837891
1395.14477539	10788.4941406
1395.41027832	10850.1611328
1395.67578125	10753.7548828
1395.94140625	10765.1923828
1396.20690918	10794.1835938
1396.47241211	10799.5634766
1396.73791504	10695.5673828
1397.00354004	10699.796875
1397.26904297	10783.7832031
1397.5345459	10858.3017578
1397.80004883	10706.0253906
1398.06567383	10672.9794922
1398.33117676	10653.5126953
1398.59667969	10575.8759766
1398.86218262	10758.859375
1399.12768555	10710.3349609
1399.39331055	10831.3232422
1399.65881348	10722.8730469
1399.92431641	10674.9296875
1400.18981934	10710.1367188
1400.45544434	10790.2539063
1400.72094727	10790.3730469
1400.9864502	10754.7548828
1401.25195313	10769.5507813
1401.51757813	10706.2412109
1401.78308105	10743.2597656
1402.04858398	10720.6191406
1402.31408691	10720.9365234
1402.57958984	10827.6210938
1402.84521484	10880.6621094
1403.11071777	10865.1757813
1403.3762207	10969.5234375
1403.64172363	10993.34375
1403.90734863	10910.2626953
1404.17285156	10859.8798828
1404.43835449	10887.0068359
1404.70385742	10945.7070313
1404.96948242	10860.2783203
1405.23498535	10826.4433594
1405.50048828	10967.3984375
1405.76599121	10860.9199219
1406.03149414	10933.7539063
1406.29711914	10977.5205078
1406.56262207	10876.1171875
1406.828125	10748.0136719
1407.09362793	10946.5751953
1407.35925293	10963.7275391
1407.62475586	10898.0419922
1407.89025879	11051.7246094
1408.15576172	10987.6513672
1408.42138672	10984.8857422
1408.68688965	11038.5078125
1408.95239258	11137.9482422
1409.21789551	11043.1767578
1409.48352051	10992.5419922
1409.74902344	11039.4863281
1410.01452637	10929.0371094
1410.2800293	10930.8984375
1410.54553223	10911.9033203
1410.81115723	10891.0097656
1411.07666016	10965.2089844
1411.34216309	11032.4941406
1411.60766602	11041.0976563
1411.87329102	11022.9091797
1412.13879395	10884.4345703
1412.40429688	10864.4912109
1412.6697998	11010.0556641
1412.9354248	11026.9257813
1413.20092773	11065.5585938
1413.46643066	10934.1308594
1413.73193359	10954.3466797
1413.99743652	11006.5292969
1414.26306152	10870.1933594
1414.52856445	10931.8779297
1414.79406738	10994.4951172
1415.05957031	11079.9580078
1415.32519531	11062.96875
1415.59069824	10885.0654297
1415.85620117	10947.2197266
1416.1217041	10995.6650391
1416.3873291	10867.65625
1416.65283203	10950.2080078
1416.91833496	10968.9052734
1417.18383789	10927.7587891
1417.44946289	10988.9082031
1417.71496582	10895.6054688
1417.98046875	10834.3554688
1418.24597168	10869.4365234
1418.51147461	10956.4101563
1418.77709961	10925.9853516
1419.04260254	11064.40625
1419.30810547	11029.7675781
1419.5736084	11055.2871094
1419.8392334	11050.5361328
1420.10473633	10928.5224609
1420.37023926	11091.078125
1420.63574219	11050.6289063
1420.90136719	11077.3486328
1421.16687012	11094.9316406
1421.43237305	11015.9433594
1421.69787598	10932.6992188
1421.96337891	10993.7988281
1422.22900391	11048.2060547
1422.49450684	11002.0605469
1422.76000977	11099.8232422
1423.0255127	11134
1423.2911377	11115.1474609
1423.55664063	11368.5917969
1423.82214355	11267.0068359
1424.08764648	11191.0390625
1424.35327148	11086.6777344
1424.61877441	11171.2929688
1424.88427734	11145.7636719
1425.14978027	10994.9882813
1425.4152832	11082.4042969
1425.6809082	11003.796875
1425.94641113	11328.7021484
1426.21191406	10997.1572266
1426.47741699	11084.1113281
1426.74304199	11156.3222656
1427.00854492	11107.5117188
1427.27404785	11080.2373047
1427.53955078	11258.34375
1427.80517578	11112.4208984
1428.07067871	11040.5175781
1428.33618164	11213.7060547
1428.60168457	11204.3007813
1428.86730957	11113.5488281
1429.1328125	11200.1767578
1429.39831543	11215.6201172
1429.66381836	11304.8642578
1429.92932129	11095.7919922
1430.19494629	11195.0039063
1430.46044922	11211.5390625
1430.72595215	11271.5566406
1430.99145508	11079.1835938
1431.25708008	11310.1777344
1431.52258301	11200.703125
1431.78808594	11202.5800781
1432.05358887	11356.9853516
1432.31921387	11286.8134766
1432.5847168	11393.765625
1432.85021973	11238.4228516
1433.11572266	11264.8515625
1433.38122559	11186.5595703
1433.64685059	11331.4140625
1433.91235352	11304.0292969
1434.17785645	11409.1503906
1434.44335938	11431.703125
1434.70898438	11240.5078125
1434.9744873	11340.4521484
1435.23999023	11392.2695313
1435.50549316	11428.6142578
1435.77111816	11519.4228516
1436.03662109	11486.6533203
1436.30212402	11397.4658203
1436.56762695	11427.3183594
1436.83325195	11374.8662109
1437.09875488	11383.1835938
1437.36425781	11405.1054688
1437.62976074	11448.4228516
1437.89526367	11459.5322266
1438.16088867	11520.9111328
1438.4263916	11518.0029297
1438.69189453	11330.2255859
1438.95739746	11243.1640625
1439.22302246	11365.6601563
1439.48852539	11441.2548828
1439.75402832	11519.2470703
1440.01953125	11572.1816406
1440.28515625	11443.4462891
1440.55065918	11460.6347656
1440.81616211	11609.8271484
1441.08166504	11609.6191406
1441.34716797	11532.4541016
1441.61279297	11438.234375
1441.8782959	11411.8017578
1442.14379883	11362.7460938
1442.40930176	11476.3291016
1442.67492676	11534.6875
1442.94042969	11372.3974609
1443.20593262	11356.4501953
1443.47143555	11525.4775391
1443.73706055	11574.5429688
1444.00256348	11433.1357422
1444.26806641	11432.6708984
1444.53356934	11486.8876953
1444.79919434	11510.8886719
1445.06469727	11461.7265625
1445.3302002	11490.8574219
1445.59570313	11515.0527344
1445.86120605	11502.9482422
1446.12683105	11472.0634766
1446.39233398	11464.5859375
1446.65783691	11510.6679688
1446.92333984	11596.5380859
1447.18896484	11520.5302734
1447.45446777	11611.9443359
1447.7199707	11503.5478516
1447.98547363	11459.7421875
1448.25109863	11513.6816406
1448.51660156	11539.203125
1448.78210449	11471.2890625
1449.04760742	11408.5107422
1449.31311035	11405.9580078
1449.57873535	11414.4472656
1449.84423828	11561.9130859
1450.10974121	11485.0507813
1450.37524414	11554.2421875
1450.64086914	11563.5791016
1450.90637207	11493.9111328
1451.171875	11474.15625
1451.43737793	11603.1162109
1451.70300293	11628.2705078
1451.96850586	11410.4677734
1452.23400879	11635.3037109
1452.49951172	11574.7246094
1452.76501465	11479.6533203
1453.03063965	11577.1503906
1453.29614258	11576.2929688
1453.56164551	11616.703125
1453.82714844	11510.3681641
1454.09277344	11494.0224609
1454.35827637	11490.3164063
1454.6237793	11623.4873047
1454.88928223	11498.8232422
1455.15490723	11452.0400391
1455.42041016	11583.5888672
1455.68591309	11565.0214844
1455.95141602	11432.7412109
1456.21704102	11548.9492188
1456.48254395	11370.3232422
1456.74804688	11478.3740234
1457.0135498	11477.8789063
1457.27905273	11738.1816406
1457.54467773	11460.1435547
1457.81018066	11521.5351563
1458.07568359	11581.1240234
1458.34118652	11688.453125
1458.60681152	11647.4785156
1458.87231445	11650.7089844
1459.13781738	11629.6816406
1459.40332031	11686.0498047
1459.66894531	11664.0771484
1459.93444824	11630.6357422
1460.19995117	11565.2685547
1460.4654541	11649.0830078
1460.73095703	11587.6337891
1460.99658203	11771.8681641
1461.26208496	11760.09375
1461.52758789	11658.9082031
1461.79309082	11696.9638672
1462.05871582	11734.2304688
1462.32421875	11662.1474609
1462.58972168	11664.9775391
1462.85522461	11723.9990234
1463.12084961	11691.1787109
1463.38635254	11663.3789063
1463.65185547	11636.1005859
1463.9173584	11677.0849609
1464.1829834	11848.7646484
1464.44848633	11802.0859375
1464.71398926	11727.7919922
1464.97949219	11796.2421875
1465.24499512	11828.5009766
1465.51062012	11771.2421875
1465.77612305	11935.078125
1466.04162598	11958.125
1466.30712891	11960.5332031
1466.57275391	11841.6503906
1466.83825684	11833.0322266
1467.10375977	11886.7832031
1467.3692627	11826.4492188
1467.6348877	11925.3183594
1467.90039063	11797.3359375
1468.16589355	11927.8125
1468.43139648	11938.5498047
1468.69689941	11934.2089844
1468.96252441	11944.0507813
1469.22802734	11869.6347656
1469.49353027	11847.7373047
1469.7590332	11875.6054688
1470.0246582	11952.9384766
1470.29016113	11905.8203125
1470.55566406	11954.8486328
1470.82116699	12089.671875
1471.08679199	12002.5683594
1471.35229492	11969.3105469
1471.61779785	12009.9775391
1471.88330078	12014.2402344
1472.14880371	12102.3505859
1472.41442871	12093.7246094
1472.67993164	12035.8417969
1472.94543457	12073.4892578
1473.2109375	12087.3144531
1473.4765625	12149.5126953
1473.74206543	12129.421875
1474.00756836	12146.3652344
1474.27307129	12184.7333984
1474.53869629	12323.5751953
1474.80419922	12303.4326172
1475.06970215	12247.0039063
1475.33520508	12317.6748047
1475.60083008	12287.8388672
1475.86633301	12244.8955078
1476.13183594	12253.3427734
1476.39733887	12223.9072266
1476.6628418	12289.1630859
1476.9284668	12338.1445313
1477.19396973	12385.1796875
1477.45947266	12273.4082031
1477.72497559	12284.0966797
1477.99060059	12497.8515625
1478.25610352	12425.3017578
1478.52160645	12402.1640625
1478.78710938	12404.1894531
1479.05273438	12471.4902344
1479.3182373	12514.3105469
1479.58374023	12532.3134766
1479.84924316	12536.6054688
1480.11474609	12556.9121094
1480.38037109	12498.5126953
1480.64587402	12575.6386719
1480.91137695	12558.1152344
1481.17687988	12579.1376953
1481.44250488	12662.8095703
1481.70800781	12627.1005859
1481.97351074	12639.4716797
1482.23901367	12660.7402344
1482.50463867	12643.1630859
1482.7701416	12654.3378906
1483.03564453	12718.4892578
1483.30114746	12825.9765625
1483.56677246	12580.2939453
1483.83227539	12755.7275391
1484.09777832	12694.9521484
1484.36328125	12764.1074219
1484.62878418	12728.7255859
1484.89440918	12851.6923828
1485.15991211	12864.2558594
1485.42541504	12954.4492188
1485.69091797	12922.4228516
1485.95654297	12943.4003906
1486.2220459	12992.6171875
1486.48754883	13036.1347656
1486.75305176	12939.5478516
1487.01867676	12894.0175781
1487.28417969	12931.9902344
1487.54968262	12919.9697266
1487.81518555	12930.9609375
1488.08068848	13018.1591797
1488.34631348	13127.9707031
1488.61181641	12859.0732422
1488.87731934	13056.7607422
1489.14282227	13025.1640625
1489.40844727	12939.2246094
1489.6739502	13019.8320313
1489.93945313	13023.0068359
1490.20495605	13092.4091797
1490.47058105	13187.8671875
1490.73608398	13226.4101563
1491.00158691	13177.5703125
1491.26708984	13242.8720703
1491.53271484	13175.9072266
1491.79821777	13248.3320313
1492.0637207	13054.09375
1492.32922363	13159.3359375
1492.59472656	13202.8164063
1492.86035156	13099.9189453
1493.12585449	13238.7060547
1493.39135742	13207.1953125
1493.65686035	13103.6015625
1493.92248535	13318.3720703
1494.18798828	13139.8408203
1494.45349121	13174.9462891
1494.71899414	13392.5888672
1494.98461914	13245.3486328
1495.25012207	13289.7910156
1495.515625	13313.0390625
1495.78112793	13406.0488281
1496.04663086	13296.375
1496.31225586	13281.7802734
1496.57775879	13356.9902344
1496.84326172	13440.9814453
1497.10876465	13257.2548828
1497.37438965	13363.9873047
1497.63989258	13354.9599609
1497.90539551	13483.1738281
1498.17089844	13561.7744141
1498.43652344	13477.3730469
1498.70202637	13431.9013672
1498.9675293	13569.0566406
1499.23303223	13438.96875
1499.49853516	13452.8173828
1499.76416016	13505.2050781
1500.02966309	13515.8701172
1500.29516602	13406.3056641
1500.56066895	13517.2578125
1500.82629395	13511.234375
1501.09179688	13565.1074219
1501.3572998	13470.7626953
1501.62280273	13557.109375
1501.88842773	13470.2666016
1502.15393066	13598.0126953
1502.41943359	13592.3339844
1502.68493652	13481.3369141
1502.95056152	13540.3007813
1503.21606445	13582.6816406
1503.48156738	13567.5771484
1503.74707031	13709.7851563
1504.01257324	13549.4736328
1504.27819824	13587.5322266
1504.54370117	13593.0996094
1504.8092041	13406.0419922
1505.07470703	13653.9824219
1505.34033203	13682.2890625
1505.60583496	13573.3242188
1505.87133789	13619.1630859
1506.13684082	13617.8769531
1506.40246582	13568.9980469
1506.66796875	13505.7890625
1506.93347168	13726.0654297
1507.19897461	13752.8544922
1507.46447754	13529.7431641
1507.73010254	13563.8544922
1507.99560547	13713.4833984
1508.2611084	13688.5732422
1508.52661133	13726.65625
1508.79223633	13686.6835938
1509.05773926	13627.75
1509.32324219	13711.8681641
1509.58874512	13696.7402344
1509.85437012	13678.8544922
1510.11987305	13715.4384766
1510.38537598	13776.8789063
1510.65087891	13704.2851563
1510.91650391	13722.9707031
1511.18200684	13746.5380859
1511.44750977	13742.6513672
1511.7130127	13820.3554688
1511.97851563	13677.3125
1512.24414063	13631.6904297
1512.50964355	13713.3408203
1512.77514648	13771.9296875
1513.04064941	13682.296875
1513.30627441	13945.7490234
1513.57177734	13875.0537109
1513.83728027	13670.3779297
1514.1027832	13829.1972656
1514.3684082	13727.3535156
1514.63391113	13821.1611328
1514.89941406	13647.2138672
1515.16491699	13876.8046875
1515.43041992	13973.7041016
1515.69604492	13906.7929688
1515.96154785	13749.7177734
1516.22705078	13787.7207031
1516.49255371	13755.1865234
1516.75817871	13807.6650391
1517.02368164	13867.046875
1517.28918457	13783.2539063
1517.5546875	13894.6142578
1517.8203125	13842.8046875
1518.08581543	13844.4619141
1518.35131836	13880.9980469
1518.61682129	13949.6162109
1518.88232422	13824.4746094
1519.14794922	13814.34375
1519.41345215	13893.5957031
1519.67895508	13909.8095703
1519.94445801	13906.9189453
1520.21008301	13926.2421875
1520.47558594	13994.1660156
1520.74108887	13845.0429688
1521.0065918	13863.453125
1521.2722168	13904.5175781
1521.53771973	13859.4589844
1521.80322266	13737.6279297
1522.06872559	13757.9648438
1522.33435059	13762.0566406
1522.59985352	13753.8564453
1522.86535645	13846.8066406
1523.13085938	13887.3798828
1523.3963623	13879.7792969
1523.6619873	13898.1601563
1523.92749023	14061.2988281
1524.19299316	14040.9121094
1524.45849609	14007.8681641
1524.72412109	14066.8183594
1524.98962402	14051.6435547
1525.25512695	14156.9580078
1525.52062988	14172.6259766
1525.78625488	14155.1201172
1526.05175781	14172.1113281
1526.31726074	14073.234375
1526.58276367	14088.8427734
1526.8482666	13985.3212891
1527.1138916	13826.5859375
1527.37939453	14015.3349609
1527.64489746	14198.5009766
1527.91040039	14222.0722656
1528.17602539	14156.6552734
1528.44152832	14134.0146484
1528.70703125	14267.6630859
1528.97253418	14178.6210938
1529.23815918	14090.2734375
1529.50366211	14132.9208984
1529.76916504	14058.6162109
1530.03466797	14082.4648438
1530.30029297	14263.1787109
1530.5657959	14283.7441406
1530.83129883	14141.0058594
1531.09680176	14042
1531.36230469	14137.3720703
1531.62792969	14132.5839844
1531.89343262	14181.5205078
1532.15893555	14259.9013672
1532.42443848	14290.2441406
1532.69006348	14309.9677734
1532.95556641	14155.3105469
1533.22106934	14257.7333984
1533.48657227	14185.1865234
1533.75219727	14164.0878906
1534.0177002	14324.0341797
1534.28320313	14348.0068359
1534.54870605	14274.7363281
1534.81420898	14239.2275391
1535.07983398	14153.8974609
1535.34533691	14165.78125
1535.61083984	14249.3193359
1535.87634277	14167.1220703
1536.14196777	14108.9404297
1536.4074707	14224.2246094
1536.67297363	14202.609375
1536.93847656	14302.8730469
1537.20410156	14337.3125
1537.46960449	14201.5839844
1537.73510742	14463.1845703
1538.00061035	14397.2490234
1538.26623535	14191.0761719
1538.53173828	14560.6630859
1538.79724121	14260.7001953
1539.06274414	14393.1279297
1539.32824707	14249.0126953
1539.59387207	14661.9511719
1539.859375	14562.2001953
1540.12487793	14630.4277344
1540.39038086	14702.4736328
1540.65600586	14308.6640625
1540.92150879	14493.84375
1541.18701172	14710.6152344
1541.45251465	14437.7109375
1541.71813965	14559.2353516
1541.98364258	14571.9853516
1542.24914551	14644.4130859
1542.51464844	14732.9589844
1542.78015137	14654.3378906
1543.04577637	14530.3613281
1543.3112793	14697.2880859
1543.57678223	14608.7080078
1543.84228516	14517.15625
1544.10791016	14560.6552734
1544.37341309	14628.8847656
1544.63891602	14707.7783203
1544.90441895	14622.2949219
1545.17004395	14579.4316406
1545.43554688	14808.0869141
1545.7010498	14697.6132813
1545.96655273	14620.5644531
1546.23205566	14716.6542969
1546.49768066	14672.0224609
1546.76318359	14635.1015625
1547.02868652	14785.6220703
1547.29418945	14654.8388672
1547.55981445	14631.3623047
1547.82531738	14523.4501953
1548.09082031	14542.9013672
1548.35632324	14567.5625
1548.62194824	14567.6494141
1548.88745117	14582.9902344
1549.1529541	14557.1777344
1549.41845703	14611.1630859
1549.68408203	14569.7451172
1549.94958496	14701.5058594
1550.21508789	14586.2568359
1550.48059082	14581.4003906
1550.74609375	14560.5078125
1551.01171875	14530.1425781
1551.27722168	14439.3837891
1551.54272461	14416.3388672
1551.80822754	14520.5576172
1552.07385254	14699.6337891
1552.33935547	14775.8876953
1552.6048584	14726.0439453
1552.87036133	14816.4228516
1553.13598633	14762.1376953
1553.40148926	14557.4648438
1553.66699219	14638.71875
1553.93249512	14706.8154297
1554.19799805	14758.3818359
1554.46362305	14677.6367188
1554.72912598	14535.4716797
1554.99462891	14657.6035156
1555.26013184	14643.1142578
1555.52575684	14738.4423828
1555.79125977	14777.6845703
1556.0567627	14650.1582031
1556.32226563	14628.6953125
1556.58789063	14506.0654297
1556.85339355	14637.0244141
1557.11889648	14588.9433594
1557.38439941	14584.4580078
1557.65002441	14473.6015625
1557.91552734	14719.5976563
1558.18103027	14814.7714844
1558.4465332	14884.7792969
1558.71203613	14922.9394531
1558.97766113	14752.9951172
1559.24316406	14825.3935547
1559.50866699	14792.4023438
1559.77416992	14660.5996094
1560.03979492	14826.0917969
1560.30529785	14781.2275391
1560.57080078	15047.7167969
1560.83630371	14947.7421875
1561.10192871	14851.0595703
1561.36743164	14918.6494141
1561.63293457	14781.2451172
1561.8984375	14662.4414063
1562.16394043	14818.7148438
1562.42956543	14801.1181641
1562.69506836	14827.9853516
1562.96057129	14747.9755859
1563.22607422	15020.4179688
1563.49169922	14934.2509766
1563.75720215	14803.0957031
1564.02270508	15058.0517578
1564.28820801	14778.3652344
1564.55383301	15007.703125
1564.81933594	14846.8115234
1565.08483887	15146.2783203
1565.3503418	14997.7519531
1565.6159668	15012.7988281
1565.88146973	15058.8642578
1566.14697266	14998.140625
1566.41247559	15025.9160156
1566.67797852	15004.515625
1566.94360352	15098.3466797
1567.20910645	15070.8037109
1567.47460938	15019.3603516
1567.7401123	15044.0712891
1568.0057373	14977.0068359
1568.27124023	15071.1591797
1568.53674316	15098.5332031
1568.80224609	15087.9775391
1569.06787109	15084.6542969
1569.33337402	15134.4306641
1569.59887695	15184.7568359
1569.86437988	15317.1787109
1570.12988281	15175.953125
1570.39550781	15231.5126953
1570.66101074	15290.8867188
1570.92651367	15322.6533203
1571.1920166	15267.5546875
1571.4576416	15171.6669922
1571.72314453	15158.7919922
1571.98864746	15145.5009766
1572.25415039	15089.4267578
1572.51977539	15297.5
1572.78527832	15318.0849609
1573.05078125	15183.7089844
1573.31628418	15176.2734375
1573.58178711	15061.9580078
1573.84741211	15168.6435547
1574.11291504	15207.5712891
1574.37841797	15173.8505859
1574.6439209	15058.6064453
1574.9095459	15134.0654297
1575.17504883	15048.9951172
1575.44055176	15070.0371094
1575.70605469	15016.2744141
1575.97167969	15110.7412109
1576.23718262	14973.8027344
1576.50268555	14948.8613281
1576.76818848	14987.7695313
1577.03381348	15282.2001953
1577.29931641	15007.8759766
1577.56481934	15048.8779297
1577.83032227	14963.9501953
1578.0958252	15278.5859375
1578.3614502	15065.9824219
1578.62695313	15213.1357422
1578.89245605	15144.0371094
1579.15795898	14973.109375
1579.42358398	15202.5234375
1579.68908691	15299.3417969
1579.95458984	15096.6611328
1580.22009277	15182.2539063
1580.48571777	15169.7275391
1580.7512207	15112.1015625
1581.01672363	15136.3408203
1581.28222656	15117.2558594
1581.54772949	15221.1640625
1581.81335449	15096.3115234
1582.07885742	15299.6699219
1582.34436035	15156.2822266
1582.60986328	15166.9208984
1582.87548828	15064.1367188
1583.14099121	15147.3769531
1583.40649414	15171.9384766
1583.67199707	15096.6464844
1583.93762207	15074.7197266
1584.203125	15163.1982422
1584.46862793	15112.7578125
1584.73413086	15120.1064453
1584.99975586	15143.3154297
1585.26525879	15178.1572266
1585.53076172	15143.8847656
1585.79626465	15160.1923828
1586.06176758	15091.1767578
1586.32739258	14945.3730469
1586.59289551	15111.1044922
1586.85839844	15110.8144531
1587.12390137	14939.9619141
1587.38952637	15048.9824219
1587.6550293	15178.2568359
1587.92053223	15018.0771484
1588.18603516	15010.7099609
1588.45166016	15166.203125
1588.71716309	15162.984375
1588.98266602	15053.2167969
1589.24816895	15034.65625
1589.51367188	14974.03125
1589.77929688	14921.9736328
1590.0447998	15015.0791016
1590.31030273	15008.6484375
1590.57580566	15145.2597656
1590.84143066	14996.453125
1591.10693359	14775.1982422
1591.37243652	14907.1503906
1591.63793945	14997.6289063
1591.90356445	14821.7949219
1592.16906738	15034.5664063
1592.43457031	14911.9375
1592.70007324	14759.0146484
1592.96557617	14741.8554688
1593.23120117	14832.6650391
1593.4967041	14895.1318359
1593.76220703	14617.5585938
1594.02770996	14716.3203125
1594.29333496	14903.3759766
1594.55883789	15037.4345703
1594.82434082	14814.3085938
1595.08984375	14908.2636719
1595.35546875	14677.5292969
1595.62097168	14684.8837891
1595.88647461	14920.4228516
1596.15197754	14795.0341797
1596.41760254	14711.5419922
1596.68310547	14681.8525391
1596.9486084	14751.9433594
1597.21411133	14766.7529297
1597.47961426	14744.1953125
1597.74523926	14687.5947266
1598.01074219	14684.6787109
1598.27624512	14710.1601563
1598.54174805	14692.0839844
1598.80737305	14621.3525391
1599.07287598	14594.1015625
1599.33837891	14510.2919922
1599.60388184	14464.2529297
1599.86950684	14458.0800781
1600.13500977	14462.7851563
1600.4005127	14551.7158203
1600.66601563	14508.7792969
1600.93151855	14402.6025391
1601.19714355	14508.0068359
1601.46264648	14356.5644531
1601.72814941	14254.6005859
1601.99365234	14438.6767578
1602.25927734	14339.7939453
1602.52478027	14144.7773438
1602.7902832	14191.4648438
1603.05578613	14225.8652344
1603.32141113	14201.7783203
1603.58691406	14089.0654297
1603.85241699	14387.6699219
1604.11791992	14239.1933594
1604.38354492	14057.9707031
1604.64904785	14154.9072266
1604.91455078	14072.3867188
1605.18005371	13844.0810547
1605.44555664	14097.9804688
1605.71118164	14041.9287109
1605.97668457	13943.9375
1606.2421875	14110.4921875
1606.50769043	13774.1943359
1606.77331543	14014.359375
1607.03881836	13986.7480469
1607.30432129	14000.7519531
1607.56982422	13973.7060547
1607.83544922	13842.2822266
1608.10095215	13827.6328125
1608.36645508	13759.2480469
1608.63195801	13775.1767578
1608.89746094	13780.1035156
1609.16308594	13918.4335938
1609.42858887	13888.1630859
1609.6940918	13741.5009766
1609.95959473	13804.0361328
1610.22521973	13935.0849609
1610.49072266	14026.5585938
1610.75622559	13951.7958984
1611.02172852	13882.5234375
1611.28735352	13767.5986328
1611.55285645	13658.0605469
1611.81835938	13701.7958984
1612.0838623	13809.7324219
1612.3494873	13954.7050781
1612.61499023	13962.6503906
1612.88049316	13763.0136719
1613.14599609	13662.6181641
1613.41149902	13728.171875
1613.67712402	13657.2109375
1613.94262695	13619.3261719
1614.20812988	13686.9892578
1614.47363281	13550.2705078
1614.73925781	13607.5595703
1615.00476074	13551.3085938
1615.27026367	13601.2529297
1615.5357666	13647.7714844
1615.8013916	13460.9501953
1616.06689453	13455.6123047
1616.33239746	13374.8779297
1616.59790039	13380.5009766
1616.86340332	13517.5097656
1617.12902832	13387.7216797
1617.39453125	13350.5703125
1617.66003418	13311.8818359
1617.92553711	13341.6337891
1618.19116211	13477.6611328
1618.45666504	13389.8955078
1618.72216797	13240.7880859
1618.9876709	13154.0820313
1619.2532959	13209.9472656
1619.51879883	13102.6083984
1619.78430176	12985.90625
1620.04980469	13176.3398438
1620.31530762	12898.7802734
1620.58093262	12846.7128906
1620.84643555	13036.1289063
1621.11193848	12969.8515625
1621.37744141	12912.7822266
1621.64306641	12870.5078125
1621.90856934	12903.0712891
1622.17407227	12926.0683594
1622.4395752	12825.5390625
1622.7052002	12730.2949219
1622.97070313	12848.3554688
1623.23620605	12810.765625
1623.50170898	12681.7246094
1623.76733398	12713.1796875
1624.03283691	12512.6054688
1624.29833984	12510.7353516
1624.56384277	12614.4521484
1624.8293457	12537.4492188
1625.0949707	12505.9628906
1625.36047363	12467.4941406
1625.62597656	12370.9472656
1625.89147949	12327.7919922
1626.15710449	12414.0449219
1626.42260742	12422.9160156
1626.68811035	12472.1162109
1626.95361328	12342.2929688
1627.21923828	12319.7773438
1627.48474121	12514.4677734
1627.75024414	12275.5078125
1628.01574707	12192.6621094
1628.28125	12110.0917969
1628.546875	12273.7783203
1628.81237793	12147.7294922
1629.07788086	12051.2919922
1629.34338379	12121.9980469
1629.60900879	11941.7519531
1629.87451172	11958.3544922
1630.14001465	11981.421875
1630.40551758	11891.3388672
1630.67114258	11803.3076172
1630.93664551	11791.0605469
1631.20214844	11733.4736328
1631.46765137	11715.2890625
1631.73327637	11800.8496094
1631.9987793	11800.2919922
1632.26428223	11814.4609375
1632.52978516	11712.2353516
1632.79528809	11691.1210938
1633.06091309	11522.8320313
1633.32641602	11468.7119141
1633.59191895	11466.3447266
1633.85742188	11496.5087891
1634.12304688	11374.9716797
1634.3885498	11522.1425781
1634.65405273	11531.4013672
1634.91955566	11157.8886719
1635.18518066	11184.7158203
1635.45068359	11298.0859375
1635.71618652	11259.1357422
1635.98168945	11220.9130859
1636.24719238	11303.2373047
1636.51281738	11185.2177734
1636.77832031	11251.1025391
1637.04382324	11171.9648438
1637.30932617	11182.8720703
1637.57495117	11198.8925781
1637.8404541	10927.4941406
1638.10595703	10991.6181641
1638.37145996	10989.5888672
1638.63708496	10943.7558594
1638.90258789	10796.75
1639.16809082	10823.1582031
1639.43359375	10695.4736328
1639.69909668	10726.3203125
1639.96472168	10816.6728516
1640.23022461	10841.3916016
1640.49572754	10801.265625
1640.76123047	10799.5449219
1641.02685547	10776.5957031
1641.2923584	10740.328125
1641.55786133	10717.9570313
1641.82336426	10667.0371094
1642.08898926	10703.0869141
1642.35449219	10534.0771484
1642.61999512	10531.3583984
1642.88549805	10535.5117188
1643.15112305	10518.4248047
1643.41662598	10547.7216797
1643.68212891	10632.3828125
1643.94763184	10585.7109375
1644.21313477	10451.3710938
1644.47875977	10395.2304688
1644.7442627	10337.4775391
1645.00976563	10273.1787109
1645.27526855	10399.8642578
1645.54089355	10273.7119141
1645.80639648	10422.46875
1646.07189941	10245.1328125
1646.33740234	10398.2539063
1646.60302734	9964.36425781
1646.86853027	10139.9707031
1647.1340332	10271.6621094
1647.39953613	10169.6630859
1647.66503906	10072.8359375
1647.93066406	10191.9394531
1648.19616699	10075.4707031
1648.46166992	10026.3261719
1648.72717285	10103.1025391
1648.99279785	10140.7109375
1649.25830078	10101.6826172
1649.52380371	10070.0117188
1649.78930664	10064.53125
1650.05493164	10077.4423828
1650.32043457	10048.9521484
1650.5859375	9993.22460938
1650.85144043	9918.25488281
1651.11706543	9995.80175781
1651.38256836	9996.45507813
1651.64807129	9898.66796875
1651.91357422	9898.34667969
1652.17907715	9853.84375
1652.44470215	9728.98242188
1652.71020508	9709.45605469
1652.97570801	9757.41796875
1653.24121094	9814.6875
1653.50683594	9828.98144531
1653.77233887	9816.80859375
1654.0378418	9793.83886719
1654.30334473	9524.16796875
1654.56896973	9552.42382813
1654.83447266	9668.55273438
1655.09997559	9822.13671875
1655.36547852	9642.26953125
1655.63098145	9504.33691406
1655.89660645	9591.04980469
1656.16210938	9590.61328125
1656.4276123	9524.54394531
1656.69311523	9485.4375
1656.95874023	9524.06542969
1657.22424316	9398.24414063
1657.48974609	9415.38867188
1657.75524902	9415.03515625
1658.02087402	9490.13867188
1658.28637695	9498.30566406
1658.55187988	9379.17675781
1658.81738281	9310.12402344
1659.08300781	9251.75
1659.34851074	9245.97167969
1659.61401367	9246.47949219
1659.8795166	9226.40820313
1660.14501953	9279.67871094
1660.41064453	9191.72460938
1660.67614746	9210.92675781
1660.94165039	9291.3671875
1661.20715332	9238.67773438
1661.47277832	9203.99316406
1661.73828125	9131.40917969
1662.00378418	9161.87792969
1662.26928711	9031.52832031
1662.53491211	9108.65234375
1662.80041504	9036.75292969
1663.06591797	9037.28320313
1663.3314209	9051.76171875
1663.59692383	9119.91699219
1663.86254883	9151.05664063
1664.12805176	9058.75
1664.39355469	8918.47070313
1664.65905762	9094.74121094
1664.92468262	9174.55078125
1665.19018555	8990.33984375
1665.45568848	9049.31933594
1665.72119141	9043.85351563
1665.98681641	9023.84863281
1666.25231934	8917.44140625
1666.51782227	9003.02929688
1666.7833252	9014.62109375
1667.04882813	8942.61914063
1667.31445313	8953.14648438
1667.57995605	8859.00390625
1667.84545898	8887.12402344
1668.11096191	8877.81835938
1668.37658691	8881.50488281
1668.64208984	8927.30175781
1668.90759277	8896.06542969
1669.1730957	8847.51464844
1669.4387207	8857.65429688
1669.70422363	8902.99023438
1669.96972656	8813.984375
1670.23522949	8863.36914063
1670.50085449	8772.65039063
1670.76635742	8925.10546875
1671.03186035	8812.29882813
1671.29736328	8881.68261719
1671.56286621	8840.43164063
1671.82849121	8689.84179688
1672.09399414	8747.71289063
1672.35949707	8763.32421875
1672.625	8830.01367188
1672.890625	8728.91699219
1673.15612793	8607.75976563
1673.42163086	8649.26074219
1673.68713379	8617.69042969
1673.95275879	8544.30078125
1674.21826172	8653.03027344
1674.48376465	8704.78515625
1674.74926758	8519.66992188
1675.01477051	8633.99121094
1675.28039551	8606.21777344
1675.54589844	8553.82128906
1675.81140137	8598.90917969
1676.0769043	8650.01464844
1676.3425293	8522.40917969
1676.60803223	8424.35253906
1676.87353516	8534.59082031
1677.13903809	8579.25976563
1677.40466309	8491.74316406
1677.67016602	8503.67285156
1677.93566895	8560.77636719
1678.20117188	8583.67578125
1678.46679688	8492.28808594
1678.7322998	8498.02636719
1678.99780273	8430.93847656
1679.26330566	8569.47558594
1679.52880859	8458.20117188
1679.79443359	8471.625
1680.05993652	8507.14453125
1680.32543945	8415.37890625
1680.59094238	8391.83691406
1680.85656738	8416.66210938
1681.12207031	8451.9609375
1681.38757324	8396.46386719
1681.65307617	8339.61914063
1681.91870117	8351.47851563
1682.1842041	8440.80078125
1682.44970703	8452.76367188
1682.71520996	8368.67480469
1682.98071289	8477.109375
1683.24633789	8455.12207031
1683.51184082	8502.16113281
1683.77734375	8415.55664063
1684.04284668	8334.1328125
1684.30847168	8385.58203125
1684.57397461	8355.25390625
1684.83947754	8273.91992188
1685.10498047	8369.91308594
1685.37060547	8296.625
1685.6361084	8329.31542969
1685.90161133	8386.68359375
1686.16711426	8276.640625
1686.43261719	8187.1875
1686.69824219	8152.57128906
1686.96374512	8287.62695313
1687.22924805	8243.75
1687.49475098	8213.67480469
1687.76037598	8212.98242188
1688.02587891	8253.26367188
1688.29138184	8164.59179688
1688.55688477	8136.91601563
1688.82250977	8248.47363281
1689.0880127	8231.98828125
1689.35351563	8109.28564453
1689.61901855	7997.92724609
1689.88464355	8082.84179688
1690.15014648	8232.01367188
1690.41564941	8211.37109375
1690.68115234	8167.38037109
1690.94665527	8122.71142578
1691.21228027	8047.31738281
1691.4777832	8200.04980469
1691.74328613	8057.96630859
1692.00878906	8196.92089844
1692.27441406	8246.79101563
1692.53991699	8178.62646484
1692.80541992	8115.07275391
1693.07092285	8134.73388672
1693.33654785	8075.57617188
1693.60205078	8043.41015625
1693.86755371	8153.73779297
1694.13305664	8177.39746094
1694.39855957	8146.65039063
1694.66418457	8119.28320313
1694.9296875	8097.91650391
1695.19519043	8031.02001953
1695.46069336	8083.23339844
1695.72631836	8120.97509766
1695.99182129	8070.63134766
1696.25732422	8203.21875
1696.52282715	8081.30810547
1696.78845215	8079.47509766
1697.05395508	8056.69433594
1697.31945801	8054.84326172
1697.58496094	8118.41699219
1697.85058594	8075.15771484
1698.11608887	7958.27490234
1698.3815918	8028.60449219
1698.64709473	7951.10009766
1698.91259766	8057.58154297
1699.17822266	8121.23193359
1699.44372559	8030.61035156
1699.70922852	8029.83300781
1699.97473145	8019.77783203
1700.24035645	7977.33496094
1700.50585938	8050.53662109
1700.7713623	7974.64697266
1701.03686523	8070.42626953
1701.30249023	8068.17675781
1701.56799316	7964.27441406
1701.83349609	7913.40576172
1702.09899902	7916.80810547
1702.36450195	7991.75537109
1702.63012695	7948.70019531
1702.89562988	7960.97705078
1703.16113281	7853.56494141
1703.42663574	7983.65966797
1703.69226074	7915.62939453
1703.95776367	7834.63134766
1704.2232666	7981.98535156
1704.48876953	8000.60205078
1704.75439453	7909.59082031
1705.01989746	7901.04541016
1705.28540039	7938.65283203
1705.55090332	7921.55224609
1705.81652832	7902.18896484
1706.08203125	7932.54492188
1706.34753418	7983.99023438
1706.61303711	8123.31542969
1706.87854004	7977.61669922
1707.14416504	7786.85644531
1707.40966797	7953.69775391
1707.6751709	8046.65527344
1707.94067383	8057.1796875
1708.20629883	7991.00927734
1708.47180176	7878.40527344
1708.73730469	7921.74804688
1709.00280762	7940.125
1709.26843262	7938.48535156
1709.53393555	7937.01269531
1709.79943848	7919.62744141
1710.06494141	7877.15917969
1710.33044434	7892.65527344
1710.59606934	8032.26806641
1710.86157227	7758.30908203
1711.1270752	7823.11669922
1711.39257813	7855.97607422
1711.65820313	7940.32568359
1711.92370605	7861.37109375
1712.18920898	7724.08300781
1712.45471191	7911.48828125
1712.72033691	7884.45703125
1712.98583984	7739.84423828
1713.25134277	7741.62304688
1713.5168457	7718.29150391
1713.78234863	7690.26269531
1714.04797363	7789.75097656
1714.31347656	7837.70556641
1714.57897949	7736.45947266
1714.84448242	7738.47167969
1715.11010742	7734.77099609
1715.37561035	7678.02685547
1715.64111328	7738.93408203
1715.90661621	7781.10205078
1716.17224121	7749.42919922
1716.43774414	7871.74365234
1716.70324707	7773.93212891
1716.96875	7689.21386719
1717.234375	7749.79785156
1717.49987793	7845.3671875
1717.76538086	7611.49462891
1718.03088379	7648.046875
1718.29638672	7629.94775391
1718.56201172	7716.82861328
1718.82751465	7778.06347656
1719.09301758	7571.80175781
1719.35852051	7666.40820313
1719.62414551	7711.49560547
1719.88964844	7720.97802734
1720.15515137	7670.41601563
1720.4206543	7739.01025391
1720.6862793	7703.84082031
1720.95178223	7707.34912109
1721.21728516	7662.11035156
1721.48278809	7599.01416016
1721.74829102	7689.984375
1722.01391602	7684.78564453
1722.27941895	7737.58544922
1722.54492188	7717.41796875
1722.8104248	7731.08496094
1723.0760498	7806.81542969
1723.34155273	7815.81298828
1723.60705566	7696.94726563
1723.87255859	7692.5546875
1724.13818359	7641.76220703
1724.40368652	7577.48242188
1724.66918945	7529.84570313
1724.93469238	7498.18798828
1725.20031738	7592.26611328
1725.46582031	7625.88183594
1725.73132324	7598.90283203
1725.99682617	7578.40234375
1726.2623291	7566.28710938
1726.5279541	7644.73388672
1726.79345703	7698.93505859
1727.05895996	7668.33007813
1727.32446289	7638.90625
1727.59008789	7587.36181641
1727.85559082	7573.08056641
1728.12109375	7495.22949219
1728.38659668	7520.80664063
1728.65222168	7513.99804688
1728.91772461	7543.39990234
1729.18322754	7523.57617188
1729.44873047	7493.12890625
1729.7142334	7523.57275391
1729.9798584	7580.953125
1730.24536133	7433.68945313
1730.51086426	7476.45751953
1730.77636719	7437.45605469
1731.04199219	7523.390625
1731.30749512	7506.98242188
1731.57299805	7554.79345703
1731.83850098	7544.07617188
1732.10412598	7490.45117188
1732.36962891	7464.15039063
1732.63513184	7427.77880859
1732.90063477	7512.74902344
1733.1661377	7584.83789063
1733.4317627	7490.515625
1733.69726563	7569.71972656
1733.96276855	7421.54199219
1734.22827148	7469.69580078
1734.49389648	7536.19042969
1734.75939941	7483.64306641
1735.02490234	7332.37988281
1735.29040527	7439.79589844
1735.55603027	7507.04541016
1735.8215332	7472.29101563
1736.08703613	7420.52832031
1736.35253906	7489.74462891
1736.61816406	7519.26171875
1736.88366699	7439.19189453
1737.14916992	7420.25683594
1737.41467285	7340.35595703
1737.68017578	7306.88720703
1737.94580078	7420.2265625
1738.21130371	7457.96582031
1738.47680664	7378.32910156
1738.74230957	7412.73095703
1739.00793457	7455.40478516
1739.2734375	7375.86572266
1739.53894043	7510.84033203
1739.80444336	7469.67529297
1740.07006836	7450.50439453
1740.33557129	7407.43066406
1740.60107422	7404.00585938
1740.86657715	7405.57421875
1741.13208008	7389.89111328
1741.39770508	7333.22753906
1741.66320801	7343.05615234
1741.92871094	7378.02783203
1742.19421387	7342.02539063
1742.45983887	7320.71875
1742.7253418	7337.84277344
1742.99084473	7369.74267578
1743.25634766	7361.47705078
1743.52197266	7295.86914063
1743.78747559	7444.16308594
1744.05297852	7393.7265625
1744.31848145	7234.02246094
1744.58410645	7389.97265625
1744.84960938	7308.2734375
1745.1151123	7369.73095703
1745.38061523	7366.67285156
1745.64611816	7311.39013672
1745.91174316	7336.41162109
1746.17724609	7352.84863281
1746.44274902	7311.95654297
1746.70825195	7362.54003906
1746.97387695	7424.02099609
1747.23937988	7416.57421875
1747.50488281	7261.73486328
1747.77038574	7339.97119141
1748.03601074	7306.90966797
1748.30151367	7248.94287109
1748.5670166	7252.96289063
1748.83251953	7211.75634766
1749.09802246	7250.33203125
1749.36364746	7273.62695313
1749.62915039	7184.61083984
1749.89465332	7306.71142578
1750.16015625	7342.46240234
1750.42578125	7232.796875
1750.69128418	7342.87255859
1750.95678711	7374.54101563
1751.22229004	7329.54980469
1751.48791504	7457.72558594
1751.75341797	7330.96826172
1752.0189209	7252.9140625
1752.28442383	7329.73828125
1752.55004883	7438.56640625
1752.81555176	7346.28173828
1753.08105469	7306.67626953
1753.34655762	7362.76367188
1753.61206055	7380.66796875
1753.87768555	7327.98486328
1754.14318848	7377.83642578
1754.40869141	7400.97509766
1754.67419434	7336.57177734
1754.93981934	7282.38037109
1755.20532227	7369.42724609
1755.4708252	7174.37011719
1755.73632813	7284.19677734
1756.00195313	7166.45361328
1756.26745605	7323.65673828
1756.53295898	7310.76855469
1756.79846191	7470.12109375
1757.06396484	7303.99169922
1757.32958984	7185.96875
1757.59509277	7246.421875
1757.8605957	7281.07910156
1758.12609863	7318.19042969
1758.39172363	7286.56103516
1758.65722656	7207.16845703
1758.92272949	7234.38964844
1759.18823242	7232.27246094
1759.45385742	7169.61962891
1759.71936035	7257.71435547
1759.98486328	7279.47802734
1760.25036621	7347.9140625
1760.51586914	7213.83496094
1760.78149414	7326.37939453
1761.04699707	7227.68603516
1761.3125	7249.55957031
1761.57800293	7214.75
1761.84362793	7194.39550781
1762.10913086	7202.21875
1762.37463379	7199.50195313
1762.64013672	7227.59716797
1762.90576172	7224.82958984
1763.17126465	7182.43701172
1763.43676758	7153.26708984
1763.70227051	7170.86621094
1763.96789551	7176.24658203
1764.23339844	7181.17333984
1764.49890137	7181.93164063
1764.7644043	7247.03076172
1765.02990723	7281.8515625
1765.29553223	7237.34765625
1765.56103516	7129.0546875
1765.82653809	7132.78369141
1766.09204102	7228.74707031
1766.35766602	7313.76123047
1766.62316895	7178.5078125
1766.88867188	7256.52636719
1767.1541748	7270.75244141
1767.4197998	7266.39599609
1767.68530273	7232.10546875
1767.95080566	7183.0390625
1768.21630859	7191.78857422
1768.48181152	7199.55566406
1768.74743652	7207.31298828
1769.01293945	7175.44824219
1769.27844238	7241.38964844
1769.54394531	7196.44970703
1769.80957031	7121.31005859
1770.07507324	7202.01806641
1770.34057617	7262.05371094
1770.6060791	7264.30615234
1770.8717041	7286.35986328
1771.13720703	7169.79736328
1771.40270996	7197.1640625
1771.66821289	7284.2890625
1771.93383789	7269.60693359
1772.19934082	7249.6015625
1772.46484375	7201.86376953
1772.73034668	7171.31884766
1772.99584961	7233.95410156
1773.26147461	7243.36865234
1773.52697754	7241.04931641
1773.79248047	7224.0390625
1774.0579834	7220.71484375
1774.3236084	7303.87646484
1774.58911133	7250.42041016
1774.85461426	7152.06591797
1775.12011719	7325.78369141
1775.38574219	7280.95800781
1775.65124512	7179.08056641
1775.91674805	7244.18261719
1776.18225098	7283.16552734
1776.44775391	7290.59619141
1776.71337891	7250.81103516
1776.97888184	7195.65039063
1777.24438477	7185.82763672
1777.5098877	7276.71435547
1777.7755127	7310.55078125
1778.04101563	7267.43554688
1778.30651855	7221.92236328
1778.57202148	7237.17626953
1778.83764648	7260.55908203
1779.10314941	7198.47949219
1779.36865234	7356.24414063
1779.63415527	7210.84375
1779.8996582	7213.53710938
1780.1652832	7303.87255859
1780.43078613	7173.18603516
1780.69628906	7133.29492188
1780.96179199	7115.69189453
1781.22741699	7231.72265625
1781.49291992	7254.46484375
1781.75842285	7186.07568359
1782.02392578	7203.94970703
1782.28955078	7173.85791016
1782.55505371	7084.1640625
1782.82055664	7050.51806641
1783.08605957	7109.49414063
1783.35168457	7098.94384766
1783.6171875	7071.48779297
1783.88269043	7111.98828125
1784.14819336	7128.81201172
1784.41369629	7055.51171875
1784.67932129	7168.34423828
1784.94482422	7092.09130859
1785.21032715	6949.03369141
1785.47583008	7093.45019531
1785.74145508	7055.75488281
1786.00695801	7013.84814453
1786.27246094	7027.78417969
1786.53796387	7095.27246094
1786.80358887	7102.14355469
1787.0690918	7147.81884766
1787.33459473	7132.26660156
1787.60009766	7067.80859375
1787.86560059	7089.5859375
1788.13122559	7076.734375
1788.39672852	7018.48730469
1788.66223145	7059.10400391
1788.92773438	7024.52294922
1789.19335938	7194.67285156
1789.4588623	7232.52636719
1789.72436523	7061.78759766
1789.98986816	7164.76904297
1790.25549316	7190.41845703
1790.52099609	7123.578125
1790.78649902	6954.76123047
1791.05200195	6977.31982422
1791.31762695	7070.45703125
1791.58312988	7109.18945313
1791.84863281	7138.12451172
1792.11413574	7110.28662109
1792.37963867	7009.83154297
1792.64526367	7027.95068359
1792.9107666	7122.51269531
1793.17626953	7103.10742188
1793.44177246	6987.3984375
1793.70739746	7176.20800781
1793.97290039	7123.46630859
1794.23840332	7029.98974609
1794.50390625	7033.36132813
1794.76953125	6953.12841797
1795.03503418	6980.77587891
1795.30053711	6980.03662109
1795.56604004	6980.28173828
1795.83154297	6978.84082031
1796.09716797	6940.953125
1796.3626709	6981.07763672
1796.62817383	6920.6015625
1796.89367676	6939.359375
1797.15930176	6981.16845703
1797.42480469	6962.96679688
1797.69030762	7050.55615234
1797.95581055	7167.29345703
1798.22143555	7054.31347656
1798.48693848	7159.21679688
1798.75244141	7029.47802734
1799.01794434	7167.72363281
1799.28356934	7139.23974609
1799.54907227	7071.47265625
1799.8145752	7069.53027344
1800.08007813	6988.60498047
1800.34558105	6973.79052734
1800.61120605	7048.67382813
1800.87670898	7018.10595703
1801.14221191	7122.43603516
1801.40771484	7065.3125
1801.67333984	7179.62695313
1801.93884277	7068.54199219
1802.2043457	7071.4453125
1802.46984863	7108.64355469
1802.73547363	7045.6015625
1803.00097656	6964.64697266
1803.26647949	7095.01074219
1803.53198242	7066.67285156
1803.79748535	7039.67529297
1804.06311035	7088.31982422
1804.32861328	7031.63232422
1804.59411621	6943.67236328
1804.85961914	7024.2734375
1805.12524414	7051.72119141
1805.39074707	7069.14697266
1805.65625	7021
1805.92175293	7031.94873047
1806.18737793	7012.16455078
1806.45288086	6943.20800781
1806.71838379	6969.52392578
1806.98388672	6886.01953125
1807.24938965	7040.49560547
1807.51501465	6934.77734375
1807.78051758	6944.98779297
1808.04602051	7079.64208984
1808.31152344	7074.39453125
1808.57714844	6943.92773438
1808.84265137	6933.17138672
1809.1081543	7041.43896484
1809.37365723	7034.16796875
1809.63928223	6932.36523438
1809.90478516	6959.75830078
1810.17028809	6971.32666016
1810.43579102	7037.27880859
1810.70141602	6983.57568359
1810.96691895	6921.79589844
1811.23242188	7013.75927734
1811.4979248	6938.26660156
1811.76342773	6940.87597656
1812.02905273	6981.20361328
1812.29455566	7001.43505859
1812.56005859	6995.97509766
1812.82556152	6925.66845703
1813.09118652	6941.80712891
1813.35668945	6901.12402344
1813.62219238	6871.06738281
1813.88769531	6872.2578125
1814.15332031	6902.13574219
1814.41882324	6916.65527344
1814.68432617	6953.72998047
1814.9498291	7022.71728516
1815.21533203	7016.23925781
1815.48095703	6970.41503906
1815.74645996	6914.04150391
1816.01196289	7002.56103516
1816.27746582	6967.08154297
1816.54309082	6998.50488281
1816.80859375	6984.203125
1817.07409668	6915.83886719
1817.33959961	6945.95214844
1817.60522461	6995.77685547
1817.87072754	6975.90722656
1818.13623047	6915.07519531
1818.4017334	7040.77050781
1818.6673584	6896.25390625
1818.93286133	6882.70849609
1819.19836426	6923.92041016
1819.46386719	7048.22705078
1819.72937012	6904.24902344
1819.99499512	6939.79345703
1820.26049805	6977.53710938
1820.52600098	6967.62060547
1820.79150391	6964.74658203
1821.05712891	6931.20117188
1821.32263184	6921.33154297
1821.58813477	6967.83007813
1821.8536377	6959.91455078
1822.1192627	6897.28857422
1822.38476563	6881.08349609
1822.65026855	6809.76367188
1822.91577148	6824.99707031
1823.18127441	6946.17236328
1823.44689941	6865.41113281
1823.71240234	6840.3046875
1823.97790527	6851.05419922
1824.2434082	6966.33154297
1824.5090332	6963.82666016
1824.77453613	6884.74707031
1825.04003906	6874.53662109
1825.30554199	6863.49267578
1825.57116699	6847.62255859
1825.83666992	6897.05224609
1826.10217285	6980.70898438
1826.36767578	6918.93896484
1826.63317871	6868.59960938
1826.89880371	6928.54052734
1827.16430664	6965.60009766
1827.42980957	6921.99511719
1827.6953125	6860.42626953
1827.9609375	6853.04736328
1828.22644043	6864.19580078
1828.49194336	6911.08105469
1828.75744629	6919.55371094
1829.02307129	6927.77441406
1829.28857422	6918.31347656
1829.55407715	6888.66015625
1829.81958008	6830.05810547
1830.08520508	6912.81005859
1830.35070801	6896.18310547
1830.61621094	6861.34228516
1830.88171387	6859.72509766
1831.1472168	6948.41064453
1831.4128418	6921.02832031
1831.67834473	6940.64501953
1831.94384766	6925.921875
1832.20935059	6859.90283203
1832.47497559	6835.51953125
1832.74047852	6844.11181641
1833.00598145	6898.94677734
1833.27148438	6871.97216797
1833.53710938	6817.34570313
1833.8026123	6846.48632813
1834.06811523	6859.96044922
1834.33361816	6883.04492188
1834.59912109	6780.94873047
1834.86474609	6823.71972656
1835.13024902	6905.45068359
1835.39575195	6932.69042969
1835.66125488	6841.04882813
1835.92687988	6797.25878906
1836.19238281	6864.25830078
1836.45788574	6872.32373047
1836.72338867	6789.4375
1836.98901367	6780.52880859
1837.2545166	6746.44238281
1837.52001953	6782.51074219
1837.78552246	6803.16748047
1838.05114746	6855.20751953
1838.31665039	6734.12207031
1838.58215332	6886.10449219
1838.84765625	6707.21728516
1839.11315918	6800.93945313
1839.37878418	6770.3046875
1839.64428711	6784.8046875
1839.90979004	6831.60205078
1840.17529297	6866.44824219
1840.44091797	6837.37451172
1840.7064209	6847.4921875
1840.97192383	6828.55175781
1841.23742676	6803.83203125
1841.50305176	6831.28076172
1841.76855469	6809.94287109
1842.03405762	6843.60839844
1842.29956055	6847.86279297
1842.56506348	6787.38574219
1842.83068848	6762.46972656
1843.09619141	6851.87207031
1843.36169434	6804.28173828
1843.62719727	6830.921875
1843.89282227	6908.16308594
1844.1583252	6768.44384766
1844.42382813	6793.98242188
1844.68933105	6842.46044922
1844.95495605	6823.75244141
1845.22045898	6819.45507813
1845.48596191	6879.17285156
1845.75146484	6680.45019531
1846.01708984	6820.16943359
1846.28259277	6701.84716797
1846.5480957	6778.97070313
1846.81359863	6649.73388672
1847.07910156	6834.03857422
1847.34472656	6831.62597656
1847.61022949	6865.20654297
1847.87573242	6861.32226563
1848.14123535	6857.22460938
1848.40686035	6866.33398438
1848.67236328	6828.64697266
1848.93786621	6735.58984375
1849.20336914	6615.61035156
1849.46899414	6764.56054688
1849.73449707	6737.90576172
1850	6757.85400391
